2
7
9
14
21
30
32
34
35
37
41
42
51
54
57
58
60
61
68
69
70
103
128
129
133
134
135
142
236
237
238
242
246
247
248
249
250
251
253
256
257
258
259
260
261
262
263
264
265
266
267
268
269
270
272
273
274
275
276
277
278
279
280
281
282
283
284
285
286
287
288
290
291
293
294
296
297
298
299
300
309
310
311
312
313
314
315
316
317
330
331
332
333
334
335
336
337
338
339
340
341
354
355
356
357
359
366
367
369
370
372
374
375
377
378
379
381
382
383
384
387
388
389
390
394
395
396
470
472
473
474
475
476
478
479
480
481
482
483
484
485
486
487
488
489
490
491
493
494
495
496
497
498
501
502
503
504
505
506
507
508
509
510
511
512
513
514
515
516
517
518
519
520
521
524
525
526
528
529
531
533
534
537
538
539
540
542
551
555
556
557
559
560
563
564
577
579
582
583
584
587
589
590
591
592
593
594
595
596
606
607
608
609
610
611
612
613
614
615
616
617
618
619
620
621
622
623
624
625
627
628
629
630
631
632
633
634
635
636
637
638
646
647
648
649
650
651
652
653
654
655
656
657
658
659
660
661
662
663
664
665
666
667
668
669
670
671
672
673
674
675
676
677
687
688
689
690
691
692
693
694
695
696
697
698
699
700
701
702
703
704
705
706
707
708
709
710
711
712
713
714
715
716
717
718
727
728
729
730
731
733
734
735
736
737
738
739
740
741
742
743
744
745
746
747
756
757
758
759
760
761
762
763
764
765
766
767
768
769
770
771
772
773
774
789
790
791
792
793
794
795
796
797
798
799
800
801
802
803
804
805
807
808
809
810
811
812
813
814
815
816
817
818
819
820
821
822
823
824
825
826
827
828
829
831
832
833
834
835
836
837
838
839
840
841
842
850
851
852
854
856
857
858
859
860
861
862
863
864
865
866
867
868
869
871
872
873
874
880
881
882
883
884
885
886
887
888
889
890
891
892
893
894
895
896
897
898
899
900
901
902
903
909
910
911
912
913
917
918
919
920
924
925
926
928
930
931
932
936
937
940
941
946
947
948
949
950
951
952
953
954
955
956
957
958
959
960
961
962
963
964
965
966
967
971
972
973
974
975
976
977
979
980
981
982
983
984
987
988
993
998
999
1000
1002
1003
1004
1005
1029
1030
1032
1033
1034
1035
1036
1037
1040
1041
1042
1043
1044
1045
1052
1053
1054
1055
1056
1057
1064
1065
1066
1069
1070
1071
1086
1087
1088
1089
1090
1091
1092
1093
1094
1095
1096
1099
1100
1101
1102
1103
1104
1106
1110
1111
1112
1113
1115
1116
1118
1120
1122
1123
1126
1127
1128
1130
1131
1132
1133
1134
1135
1136
1137
1138
1139
1140
1141
1142
1143
1144
1145
1146
1147
1148
1149
1150
1151
1152
1153
1154
1155
1156
1157
1158
1160
1161
1162
1163
1164
1165
1166
1167
1168
1174
1175
1176
1177
1178
1179
1182
1183
1184
1185
1186
1188
1189
1190
1191
1192
1193
1198
1199
1200
1201
1202
1203
1204
1205
1206
1207
1208
1209
1210
1211
1212
1213
1214
1215
1216
1217
1218
1219
1220
1221
1222
1223
1224
1225
1226
1227
1228
1229
1230
1231
1232
1233
1234
1235
1236
1237
1239
1240
1241
1242
1243
1244
1246
1247
1248
1249
1250
1251
1252
1253
1254
1257
1260
1261
1262
1263
1264
1265
1266
1269
1270
1272
1273
1274
1275
1276
1279
1280
1281
1282
1283
1284
1285
1286
1287
1288
1289
1290
1291
1292
1293
1294
1296
1299
1301
1302
1303
1304
1305
1306
1307
1308
1309
1310
1311
1312
1314
1315
1316
1317
1318
1319
1320
1321
1322
1324
1325
1326
1327
1328
1334
1335
1336
1337
1338
1339
1340
1341
1342
1343
1344
1345
1346
1347
1348
1349
1350
1351
1352
1353
1354
1355
1356
1358
1359
1360
1361
1364
1365
1367
1370
1373
1374
1375
1376
1377
1378
1382
1383
1384
1389
1390
1391
1392
1395
1399
1400
1401
1402
1404
1405
1408
1409
1411
1412
1413
1414
1415
1417
1418
1419
1420
1423
1424
1425
1427
1434
1435
1436
1439
1440
1441
1445
1446
1450
1455
1456
1457
1458
1459
1460
1461
1462
1463
1464
1465
1466
1467
1468
1469
1470
1471
1472
1473
1474
1475
1476
1477
1478
1479
1480
1481
1482
1483
1484
1485
1486
1489
1490
1493
1494
1501
1502
1503
1504
1505
1506
1507
1508
1509
1510
1511
1512
1513
1514
1515
1516
1517
1518
1519
1520
1521
1522
1523
1524
1525
1526
1527
1528
1529
1530
1531
1532
1533
1534
1535
1536
1537
1538
1539
1540
1542
1543
1544
1545
1546
1547
1548
1549
1550
1551
1552
1553
1582
1592
1593
1595
1596
1597
1598
1599
1603
1604
1605
1606
1607
1608
1611
1612
1613
1614
1620
1621
1622
1623
1624
1626
1627
1628
1629
1630
1631
1632
1633
1634
1635
1636
1637
1638
1649
1650
1652
1653
1654
1655
1656
1657
1658
1659
1661
1662
1665
1666
1667
1668
1669
1670
1671
1675
1676
1682
1683
1684
1685
1686
1687
1688
1689
1690
1691
1692
1693
1694
1705
1708
1709
1711
1714
1716
1717
1720
1721
1724
1725
1726
1727
1728
1729
1730
1731
1736
1738
1739
1740
1741
1742
1743
1744
1745
1746
1747
1748
1749
1750
1755
1757
1758
1759
1760
1761
1763
1764
1766
1770
1771
1772
1773
1774
1776
1777
1782
1783
1784
1785
1786
1787
1788
1789
1790
1791
1792
1793
1794
1795
1796
1797
1798
1799
1800
1801
1802
1803
1804
1805
1806
1807
1808
1809
1838
1839
1840
1843
1844
1845
1847
1848
1849
1850
1851
1852
1853
1855
1856
1860
1862
1863
1864
1865
1866
1867
1868
1869
1870
1871
1872
1873
1874
1878
1879
1880
1881
1882
1883
1884
1885
1886
1887
1893
1902
1903
1905
1906
1907
1908
1909
1911
1912
1914
1915
1918
1921
1924
1927
1928
1929
1930
1931
1932
1933
1936
1937
1938
1941
1942
1943
1944
1945
1946
1947
1949
1953
1954
1955
1961
1962
1963
1964
1965
1968
1969
1970
1971
1972
1973
1974
1975
1976
1977
1978
1979
1980
1981
1989
1990
1991
1993
2007
2008
2009
2010
2011
2012
2015
2016
2021
2022
2023
2024
2025
2026
2027
2028
2029
2030
2031
2032
2033
2034
2035
2036
2037
2038
2039
2040
2041
2042
2043
2044
2045
2046
2047
2048
2049
2050
2051
2052
2057
2058
2059
2060
2061
2063
2064
2065
2071
2072
2073
2074
2076
2077
2078
2079
2080
2081
2082
2083
2085
2086
2088
2089
2090
2091
2092
2093
2094
2096
2097
2098
2099
2100
2101
2102
2103
2104
2106
2107
2108
2109
2111
2112
2113
2114
2116
2118
2119
2120
2121
2122
2123
2124
2125
2126
2127
2128
2129
2130
2131
2132
2133
2134
2137
2138
2139
2140
2141
2142
2145
2150
2151
2153
2154
2207
2208
2231
2232
2234
2235
2236
2237
2240
2242
2244
2245
2246
2247
2248
2249
2251
2252
2254
2255
2256
2257
2260
2263
2266
2267
2268
2269
2270
2271
2272
2273
2274
2275
2276
2277
2278
2279
2280
2281
2282
2283
2284
2286
2287
2288
2289
2290
2291
2292
2293
2294
2297
2298
2299
2300
2301
2302
2304
2305
2308
2317
2324
2325
2329
2332
2339
2341
2342
2344
2349
2352
2354
2360
2363
2364
2365
2367
2368
2369
2370
2371
2372
2373
2374
2375
2376
2377
2378
2379
2380
2381
2382
2383
2384
2385
2386
2387
2388
2389
2390
2391
2392
2393
2394
2395
2396
2397
2399
2400
2401
2402
2403
2405
2406
2407
2408
2409
2410
2411
2412
2413
2414
2415
2416
2417
2418
2419
2420
2421
2422
2423
2424
2425
2426
2427
2428
2429
2430
2431
2432
2433
2434
2435
2436
2437
2438
2439
2440
2441
2442
2443
2444
2445
2446
2447
2448
2449
2450
2451
2452
2453
2454
2455
2456
2457
2458
2459
2460
2461
2462
2463
2464
2465
2466
2467
2468
2476
2477
2478
2479
2480
2481
2482
2483
2484
2485
2486
2487
2488
2489
2490
2491
2492
2493
2494
2496
2497
2498
2499
2500
2501
2502
2503
2504
2506
2507
2508
2509
2510
2511
2512
2513
2514
2515
2516
2517
2518
2519
2520
2521
2522
2523
2528
2529
2535
2538
2539
2541
2542
2543
2544
2545
2547
2548
2549
2550
2551
2552
2554
2555
2556
2557
2558
2559
2560
2561
2562
2563
2565
2566
2567
2568
2569
2570
2571
2572
2573
2574
2576
2577
2578
2582
2583
2584
2585
2586
2587
2588
2589
2590
2593
2594
2596
2597
2599
2600
2601
2602
2604
2606
2607
2609
2611
2612
2613
2614
2615
2616
2617
2618
2619
2621
2622
2623
2624
2629
2630
2631
2633
2635
2636
2637
2638
2639
2640
2641
2642
2644
2645
2649
2650
2651
2652
2654
2655
2657
2658
2659
2660
2661
2662
2663
2664
2666
2667
2668
2669
2670
2672
2673
2674
2675
2677
2681
2682
2683
2686
2687
2689
2690
2691
2695
2696
2698
2699
2702
2703
2704
2705
2706
2708
2709
2710
2711
2712
2713
2714
2715
2716
2717
2718
2719
2720
2721
2722
2723
2724
2725
2726
2728
2729
2730
2731
2732
2733
2734
2735
2736
2737
2738
2739
2740
2741
2743
2745
2746
2748
2749
2751
2753
2754
2755
2756
2758
2759
2760
2761
2763
2764
2765
2767
2768
2769
2771
2772
2773
2774
2775
2776
2777
2778
2779
2780
2782
2784
2785
2787
2788
2789
2790
2792
2793
2795
2796
2797
2798
2799
2800
2801
2802
2803
2804
2805
2806
2807
2808
2809
2811
2812
2814
2815
2816
2817
2818
2819
2820
2821
2822
2823
2824
2827
2828
2829
2830
2831
2832
2833
2834
2836
2837
2859
2880
2890
2891
2892
2899
2901
2902
2903
2904
2905
2906
2907
2908
2909
2910
2912
2913
2914
2915
2916
2917
2918
2923
2924
2925
2926
2927
2929
2930
2931
2933
2934
2935
2936
2937
2938
2939
2940
2942
2943
2944
2945
2946
2947
2948
2950
2951
2952
2953
2954
2955
2956
2957
2958
2960
2961
2962
2963
2964
2965
2966
2968
2970
2971
2972
2973
2974
2975
2976
2977
2983
2984
2985
2987
2989
2990
2991
2992
2993
2995
2996
2998
3000
3001
3002
3005
3006
3007
3008
3009
3010
3011
3012
3013
3016
3017
3019
3021
3022
3023
3024
3025
3026
3028
3029
3030
3031
3032
3033
3035
3037
3042
3043
3044
3045
3046
3047
3048
3049
3075
3077
3080
3081
3082
3083
3085
3086
3087
3088
3089
3090
3091
3092
3095
3096
3098
3099
3101
3102
3104
3105
3106
3107
3109
3110
3112
3113
3120
3121
3203
3342
3343
3344
3345
3347
3349
3351
3354
3355
3357
3359
3360
3361
3363
3365
3367
3370
3390
3391
3392
3393
3394
3395
3396
3397
3398
3399
3400
3401
3402
3404
3405
3406
3407
3408
3409
3410
3411
3412
3413
3414
3415
3416
3417
3418
3419
3434
3435
3436
3437
3438
3439
3440
3441
3443
3444
3445
3446
3447
3448
3449
3450
3451
3452
3453
3454
3455
3456
3457
3458
3459
3460
3461
3462
3463
3464
3465
3466
3467
3468
3469
3470
3471
3472
3473
3474
3475
3476
3477
3478
3479
3480
3481
3482
3483
3484
3485
3501
3502
3503
3504
3505
3506
3507
3508
3509
3510
3511
3512
3513
3514
3515
3517
3520
3521
3522
3523
3524
3525
3526
3527
3528
3529
3530
3531
3532
3533
3534
3535
3548
3549
3551
3553
3555
3556
3563
3564
3565
3566
3567
3570
3571
3583
3584
3585
3586
3587
3588
3589
3590
3591
3592
3593
3594
3595
3596
3597
3598
3599
3600
3601
3602
3603
3604
3605
3606
3607
3609
3610
3611
3612
3613
3614
3615
3617
3620
3623
3625
3626
3627
3628
3629
3630
3631
3633
3638
3639
3641
3642
3643
3645
3646
3647
3648
3651
3653
3654
3655
3656
3657
3658
3659
3660
3662
3664
3665
3667
3668
3669
3670
3671
3672
3673
3675
3676
3677
3679
3680
3681
3682
3684
3685
3687
3688
3690
3691
3692
3694
3695
3698
3699
3700
3701
3702
3703
3705
3706
3707
3708
3709
3710
3711
3713
3715
3716
3717
3718
3721
3722
3723
3724
3725
3727
3729
3730
3731
3732
3733
3734
3735
3737
3738
3739
3740
3741
3743
3744
3745
3746
3748
3749
3750
3751
3752
3754
3755
3757
3758
3759
3760
3763
3764
3765
3766
3767
3768
3769
3770
3771
3772
3773
3774
3775
3777
3780
3781
3783
3785
3786
3788
3789
3790
3791
3792
3793
3794
3797
3798
3799
3800
3801
3802
3803
3804
3805
3806
3807
3808
3809
3811
3813
3815
3816
3817
3818
3820
3821
3823
3824
3827
3828
3829
3830
3831
3832
3833
3834
3835
3836
3839
3840
3841
3844
3846
3847
3848
3849
3850
3851
3852
3853
3854
3855
3856
3857
3858
3859
3860
3861
3862
3864
3865
3866
3867
3868
3870
3873
3874
3875
3878
3879
3881
3884
3889
3890
3891
3892
3893
3894
3897
3902
3903
3905
3907
3909
3910
3912
3914
3915
3917
3918
3920
3921
3924
3928
3931
3933
3939
3943
3945
3947
3950
3951
3955
3956
3959
3961
3962
3964
3965
3966
3967
3968
3969
3970
3971
3972
3974
3976
3977
3978
3981
3982
3983
3985
3986
3987
3988
3994
3995
3998
3999
4001
4002
4003
4006
4008
4010
4011
4019
4020
4023
4027
4028
4030
4031
4034
4036
4037
4041
4042
4044
4045
4046
4047
4048
4049
4050
4051
4052
4053
4054
4055
4056
4057
4058
4059
4060
4061
4062
4063
4064
4065
4066
4067
4068
4069
4070
4071
4072
4073
4074
4075
4076
4077
4078
4079
4080
4081
4082
4083
4084
4085
4086
4087
4088
4089
4090
4091
4092
4093
4094
4095
4096
4097
4098
4099
4100
4101
4102
4103
4104
4105
4106
4107
4108
4109
4110
4132
4133
4134
4135
4136
4137
4138
4139
4140
4141
4142
4143
4144
4145
4146
4148
4149
4150
4151
4152
4153
4154
4155
4156
4157
4158
4159
4160
4161
4162
4163
4164
4165
4166
4167
4168
4169
4170
4171
4172
4173
4174
4175
4176
4177
4178
4179
4180
4181
4182
4183
4184
4185
4186
4187
4188
4189
4190
4245
4246
4247
4248
4249
4250
4251
4252
4253
4254
4255
4256
4257
4258
4259
4260
4261
4262
4263
4264
4265
4266
4267
4268
4269
4270
4271
4272
4273
4274
4275
4352
4353
4354
4355
4356
4357
4358
4359
4360
4361
4362
4363
4364
4365
4366
4367
4368
4369
4370
4371
4372
4373
4374
4375
4376
4377
4378
4379
4380
4381
4382
4383
4384
4385
4386
4387
4388
4389
4390
4391
4392
4393
4394
4395
4396
4397
4398
4399
4400
4401
4402
4403
4404
4405
4406
4407
4408
4409
4410
4411
4412
4413
4414
4415
4416
4417
4418
4419
4420
4421
4422
4423
4425
4426
4427
4428
4429
4430
4431
4432
4433
4434
4435
4436
4437
4438
4439
4440
4441
4442
4443
4506
4507
4508
4512
4949
4959
4962
4964
4967
4969
4970
4972
4973
4975
4977
4979
4980
4981
4984
4988
4990
4991
4992
4995
4998
4999
5000
5001
5002
5003
5006
5008
5009
5010
5011
5012
5013
5014
5015
5016
5579
5580
5581
5697
6170
6171
6177
6798
7819
7822
7824
7825
7826
7828
7829
7830
7831
7832
7833
7834
7835
7837
7839
7841
7842
7844
7848
7872
7878
7879
7881
7883
7885
7886
7914
7999
8076
8205
8422
8690
8766
8799
8805
8811
8825
8834
9407
9490
9536
9622
9646
9690
9984
10013
10016
10017
10236
10237
10239
10243
10244
10245
10247
10656
10664
10714
11056
11142
11143
11254
11255
11256
11259
11260
11264
11267
11268
11269
11270
11271
11273
11276
11278
11283
11284
11286
11297
11300
11724
11728
11800
11809
11907
11909
11991
12031
12032
12044
12059
12078
12099
12136
12139
12142
12145
12146
12149
12154
12166
12167
12168
12202
12212
12220
12222
12228
12264
12365
12391
12393
12397
12590
12611
12757
12759
12761
12763
12771
12819
12822
13187
13188
13189
13190
13191
13192
13193
13194
13196
13197
13198
13203
13204
13206
13207
13212
13213
13215
13216
13220
13221
13224
13225
13226
13227
13228
13229
13230
13231
13232
13233
13234
13235
13236
13238
13239
13240
13241
13242
13243
13249
13250
13251
13252
13253
13254
13255
13256
13257
13258
13259
13260
13261
13262
13263
13264
13265
13266
13267
13268
13269
13270
13271
13272
13273
13284
13285
13286
13287
13288
13289
13290
13291
13292
13293
13294
13295
13296
13297
13299
13300
13301
13302
13303
13304
13305
13306
13307
13312
13313
13314
13315
13316
13317
13318
13319
13320
13321
13339
13340
13341
13342
13343
13344
13345
13346
13347
13348
13349
13350
13351
13352
13353
13354
13355
13356
13357
13358
13359
13360
13361
13362
13363
13364
13365
13366
13367
13368
13369
13370
13374
13375
13376
13377
13378
13379
13380
13381
13382
13383
13384
13385
13386
13387
13388
13389
13390
13391
13392
13393
13394
13395
13399
13400
13401
13402
13403
13404
13405
13406
13407
13408
13409
13410
13420
13421
13422
13423
13448
13449
13450
13451
13452
13453
13454
13455
13456
13457
13458
13459
13460
13461
13462
13463
13464
13465
13466
13467
13468
13469
13470
13471
13472
13473
13474
13475
13476
13477
13486
13487
13488
13489
13490
13491
13492
13494
13495
13496
13497
13498
13499
13500
13501
13502
13503
13504
13505
13506
13507
13508
13509
13518
13519
13520
13521
13522
13523
13524
13525
13526
13527
13528
13529
13530
13531
13532
13533
13534
13535
13536
13537
13538
13539
13540
13541
13542
13543
13544
13545
13546
13547
13548
13549
13550
13551
13552
13553
13554
13555
13556
13557
13559
13560
13561
13562
13563
13564
13565
13566
13567
13568
13569
13570
13571
13572
13573
13574
13575
13576
13577
13578
13579
13580
13581
13607
13608
13609
13610
13611
13612
13613
13614
13615
13616
13630
13632
13633
13635
13640
13642
13647
13649
13650
13653
13654
13655
13656
13659
13660
13661
13662
13663
13664
13666
13669
13672
13684
13685
13686
13687
13688
13689
13690
13691
13692
13696
13697
13698
13699
13700
13701
13702
13703
13704
13705
13706
13707
13708
13709
13710
13711
13712
13713
13714
13715
13716
13717
13718
13719
13720
13721
13722
13723
13724
13725
13726
13727
13728
13729
13730
13731
13732
13733
13738
13739
13740
13741
13742
13743
13744
13746
13747
13748
13749
13750
13751
13752
13755
13757
13758
13759
13760
13761
13762
13763
13764
13765
13766
13767
13768
13771
13772
13773
13774
13775
13776
13777
13779
13786
13788
13789
13790
13791
13798
13799
13800
13801
13802
13803
13804
13805
13806
13807
13808
13813
13815
13817
13818
13820
13857
13858
13859
13860
13861
13862
13863
13864
13865
13866
13867
13868
13869
13870
13871
13872
13873
13874
13875
13876
13877
13878
13879
13880
13881
13882
13883
13884
13885
13886
13887
13888
13889
13890
13891
13892
13893
13894
13895
13896
13897
13898
13899
13900
13901
13902
13904
13905
13906
13907
13908
13909
13910
13911
13913
13914
13915
13916
13917
13918
13919
13920
13921
13922
13923
13924
13925
13926
13927
13928
13929
13930
13931
13932
13933
13934
13935
13936
13937
13938
13939
13940
13941
13942
13943
13944
13945
13946
13947
13948
13949
13950
13951
13952
13954
14001
14002
14003
14004
14005
14006
14007
14008
14009
14010
14011
14012
14013
14014
14015
14016
14017
14018
14019
14020
14021
14022
14023
14024
14025
14026
14027
14028
14029
14030
14031
14032
14069
14070
14071
14072
14073
14074
14075
14076
14077
14078
14079
14080
14081
14082
14083
14084
14085
14086
14087
14088
14089
14090
14093
14095
14098
14099
14100
14102
14103
14106
14108
14109
14110
14111
14112
14113
14114
14118
14119
14120
14121
14122
14123
14124
14126
14127
14130
14132
14133
14134
14135
14136
14138
14139
14140
14141
14142
14143
14146
14147
14150
14151
14152
14154
14155
14156
14158
14159
14160
14161
14162
14163
14165
14166
14167
14168
14169
14170
14171
14173
14174
14175
14176
14177
14178
14179
14181
14183
14184
14185
14186
14187
14188
14189
14190
14191
14192
14193
14195
14196
14197
14198
14199
14200
14201
14203
14207
14208
14209
14210
14211
14212
14215
14216
14217
14220
14221
14222
14223
14224
14225
14226
14227
14228
14229
14230
14231
14233
14234
14235
14236
14237
14238
14239
14241
14242
14243
14244
14245
14246
14247
14248
14250
14251
14252
14253
14254
14255
14256
14257
14258
14259
14260
14261
14262
14263
14264
14265
14267
14268
14269
14270
14271
14273
14274
14275
14276
14278
14279
14281
14282
14283
14284
14286
14287
14288
14290
14291
14292
14294
14295
14296
14297
14298
14300
14301
14302
14304
14307
14308
14309
14310
14311
14312
14313
14314
14317
14319
14321
14323
14324
14325
14326
14327
14328
14329
14330
14332
14333
14334
14335
14336
14337
14338
14339
14340
14341
14342
14344
14345
14346
14347
14348
14350
14351
14353
14355
14356
14357
14358
14359
14360
14361
14362
14363
14364
14365
14366
14369
14370
14371
14373
14374
14375
14376
14377
14378
14379
14380
14381
14382
14383
14384
14385
14386
14388
14389
14390
14391
14393
14395
14396
14397
14398
14399
14400
14401
14403
14404
14405
14406
14407
14408
14409
14410
14411
14413
14416
14418
14422
14423
14424
14425
14427
14429
14432
14433
14434
14435
14436
14437
14438
14439
14440
14442
14444
14445
14446
14447
14449
14450
14451
14452
14453
14454
14455
14457
14458
14459
14460
14463
14464
14466
14467
14468
14469
14470
14472
14474
14475
14476
14477
14478
14479
14480
14481
14482
14483
14485
14486
14488
14489
14491
14492
14493
14494
14495
14496
14498
14501
14502
14503
14504
14506
14509
14510
14511
14513
14514
14518
14519
14520
14523
14524
14526
14527
14528
14529
14531
14533
14534
14537
14538
14542
14546
14548
14549
14550
14552
14554
14559
14560
14561
14563
14564
14652
14653
14654
14658
14659
14661
14664
14665
14666
14683
14684
14685
14687
14688
14691
14693
14694
14695
14696
14697
14698
14699
14701
14704
14705
14706
14709
14711
14712
14716
14718
14721
14724
14726
14729
14733
14734
14736
14737
14738
14741
14743
14748
14749
14750
14755
14756
14757
14758
14766
14773
14774
14775
14780
14781
14784
14786
14788
14791
14792
14797
14801
14802
14803
14805
14808
14810
14811
20272
20273
20279
20328
20330
20405
20406
20428
20429
20430
20431
20449
20450
20451
20452
20453
20455
20458
20460
20461
20462
20463
20476
20477
20480
20481
20482
20507
20513
20514
20515
20516
20518
20519
20520
20539
20542
20545
20546
20554
20557
20560
20565
20594
20601
20652
20658
20659
20660
20661
20666
20668
20669
20670
20733
20747
20749
20759
20760
20763
20779
20853
20880
20884
20890
20901
20912
20919
20930
20938
20946
20947
20955
20957
20970
20971
20972
20973
20974
21011
21021
21024
21040
21053
21059
21072
21073
21082
21090
21091
21148
21149
21152
21175
21176
21191
21193
21202
21204
21207
21208
21209
21215
21226
21228
21230
21231
21232
21235
21236
21239
21242
21246
21251
21258
21260
21261
21263
21264
21362
25069
28867
28972
28978
28986
28988
28990
28993
29001
29006
29023
29024
29025
29026
29027
29028
29043
29069
29077
29084
29086
29102
29112
29114
29115
29437
34083
40331
40334
40408
40410
40412
40413
40416
40419
40421
40423
40425
40426
40427
40428
40429
40430
40432
40433
40434
40435
40461
40462
40463
40464
40465
40466
40469
40470
40472
40474
40475
40476
40477
48922
48925
48931
48932
48943
48945
48947
48950
48951
48972
48974
48977
48980
48981
48982
48984
48985
48988
48989
48990
48991
48993
48994
48995
48996
48998
49000
49001
49003
49007
49008
49009
49010
49011
49013
49014
49020
49021
49022
49023
49026
49027
49029
49030
49037
49038
49039
49040
49041
49042
49043
49051
49056
49059
49060
49061
49063
49064
49066
49067
49068
49070
49071
49072
49077
49081
49082
49086
49092
49093
49095
49097
49098
49099
49100
49101
49106
49110
49113
49114
49117
49121
49125
49128
49131
49133
49134
49136
49137
49140
49141
49147
49148
49152
49155
49157
49158
49159
49162
49163
49164
49169
49170
49171
49176
49181
49182
49183
49185
49186
50118
50119
50123
50124
50125
50126
50127
50128
50130
50131
50132
50133
50134
50136
50139
50140
50142
50152
50157
50158
50159
50161
50162
50164
50167
50182
50183
50185
50191
50203
50262
50263
50265
50266
50272
50288
50289
50290
50291
50295
50296
50297
50302
50303
50304
50308
50310
50311
50312
50313
50314
50315
50320
50324
50331
50340
50341
50349
50351
50354
50356
50359
50361
50363
50364
50368
50372
50375
51662
51663
51664
51669
51672
51674
51675
51676
51679
51681
51682
51683
51685
51687
51690
51694
51698
51706
51707
51708
51710
51713
51714
51717
51719
51721
51727
51736
51738
51740
51743
51744
51746
51747
51748
51749
51750
51753
51754
51756
51759
51760
51761
51763
51765
51769
51788
51789
51791
51794
51795
51797
51798
51800
51801
51802
51804
51806
51808
51809
51810
51814
51816
51817
51822
51833
51838
51841
51842
51848
51849
51852
51856
51857
51860
51865
51866
51867
51868
51869
51870
51871
51872
51873
51875
51877
51885
51886
51891
51893
51896
51898
51899
51900
51901
51902
51906
51908
51910
51911
51918
51919
51923
51925
51928
51929
51930
51931
51935
51945
51946
51948
51955
51956
51958
51960
51966
51967
51974
51975
51977
51984
51985
51986
51988
51989
51999
52000
52002
52003
52006
52007
52013
52015
52017
52018
52019
52020
52028
52029
52030
52031
52034
52035
52036
52038
52041
52046
52047
52054
52060
52061
52064
52066
52068
52069
52070
52074
52082
52088
52091
52092
52093
52094
52097
52098
52099
52100
52101
52102
52103
52104
52105
52106
52107
52108
52109
52110
52111
52112
52129
52130
52136
52145
52156
52157
52159
52163
52173
52185
52187
52190
52194
52831
52832
52833
52834
52835
52836
52837
52838
52839
52840
52841
52842
52843
52849
52850
52851
52852
52857
52858
52859
52860
52865
52869
52870
52871
52872
52875
52876
52878
52879
52880
52881
52882
52883
52884
52885
52886
52887
52888
52889
52890
52891
52894
52895
52896
52897
52898
52899
52900
52904
52905
52906
52907
52909
52910
52911
52912
52913
52914
52915
52916
52918
52919
52920
52921
52922
52923
52924
52925
52926
52927
52928
52930
52931
52932
52933
52934
52935
52936
52937
52938
52939
52940
52941
52942
52943
52944
52945
52946
52947
52948
52949
52950
52951
52952
52954
52955
52956
52957
52958
52959
52961
52962
52963
52965
52966
52967
52968
52969
52970
52971
52972
52974
52975
52976
52977
52978
52979
52980
52981
52982
52983
52984
52985
52986
52987
52988
52989
52990
52991
52992
52993
52994
52995
52996
52997
52999
53000
53002
53003
53004
53005
53006
53007
53008
53009
53010
53011
53012
53013
53014
53016
53017
53018
53019
53020
53021
53023
53024
53025
53026
53027
53028
53029
53030
53031
53032
53033
53034
53035
53036
53037
53038
53039
53040
53041
53042
53043
53044
53045
53047
53048
53049
53050
53051
53052
53053
53054
53055
53056
53057
53058
53059
53060
53061
53062
53063
53064
53067
53069
53070
53075
53076
53078
53083
53085
53086
53087
53088
53090
53095
53098
53099
53100
53101
53104
53105
53106
53107
53108
53109
53110
53111
53112
53113
53114
53115
53116
53117
53118
53119
53120
53122
53123
53124
53125
53126
53127
53128
53129
53130
53131
53133
53134
53136
53138
53139
53140
53144
53148
53152
53155
53157
53158
53164
53165
53167
53168
53170
53171
53172
53173
53174
53175
53176
53177
53178
53180
53181
53184
53186
53188
53189
53191
53193
53194
53196
53200
53201
53202
53203
53205
53206
53207
53208
53216
53218
53219
53220
53222
53224
53227
53230
53232
53233
53235
53236
53237
53239
53242
53243
53245
53246
53247
53250
53251
53252
53253
53254
53255
53256
53257
53262
53266
53267
53271
53274
53278
53285
53288
53290
53291
53299
53304
53309
53311
53313
53315
53318
53320
53325
53327
53334
53339
53340
53341
53344
53345
53346
53348
53349
53350
53351
53352
53353
53354
53355
53356
53357
53358
53359
53360
53365
53367
53516
53527
53576
53585
54006
54302
54307
54406
54407
54441
54485
54838
54867
54869
54958
55008
55009
55010
55011
55014
55807
55808
57208
57211
57212
57217
57222
57223
57227
57228
57231
57233
57235
57238
57239
57243
57244
57251
57254
57259
57266
57269
57270
57272
57281
57282
57283
57285
57289
57291
57292
57298
57299
57302
57304
57306
57308
57312
57315
57316
57318
57319
57322
57325
57330
57334
57336
57338
57340
57353
57358
57360
57362
57365
57366
57367
57371
57373
57378
57379
57383
57384
57388
57394
57395
57397
57398
57401
57402
57403
57407
57411
57412
57417
57419
57420
57421
57426
57427
57435
57438
57441
57446
57449
57451
57453
57455
57456
57460
57464
57466
57467
57468
57471
57472
57473
57474
57475
57476
57478
57481
57484
57485
57487
57491
57493
57494
57495
57496
57499
57500
57501
57502
57503
57504
57505
57506
57507
57509
57510
57514
57516
57519
57531
57532
57537
57539
57540
57544
57545
57546
57549
57553
57557
57559
57560
57563
57566
57569
57571
57580
57586
57587
57591
57594
57595
57597
57598
57599
57608
57609
57610
57611
57613
57619
57620
57621
57622
57630
57631
57632
57638
57640
57641
57648
57649
57650
57653
57654
57655
57656
57659
57661
57662
57663
57664
57665
57666
57668
57671
57673
57676
57678
57680
57681
57685
57686
57695
57696
57697
57700
57703
57704
57705
57706
57707
57711
57712
57716
57720
57722
57723
57724
57725
57728
57732
57734
57735
57737
57738
57750
57752
57779
57780
57782
57783
57784
57786
57788
57789
57792
57794
57795
57796
57805
57807
57814
57815
57816
57820
57824
57825
57826
57830
57831
57833
57840
57841
57843
57846
57850
57852
57857
57859
57862
57863
57865
57866
57868
57874
57875
57877
57879
57880
57881
57883
57884
57886
57894
57897
57898
57902
57903
57905
57907
57908
57909
57910
57912
57913
57915
57916
57917
57922
57923
57927
57932
57933
57935
57937
57940
57946
57949
57952
57957
57958
57959
57960
57961
57962
57963
57970
57973
57974
57975
57977
57978
57981
57983
57985
57987
57988
57998
58005
58006
58009
58010
58011
58012
58013
58015
58021
58023
58024
58027
58028
58029
58030
58031
58034
58035
58036
58039
58040
58041
58045
58047
58057
58060
58062
58063
58067
58068
58072
58073
58076
58078
58079
58080
58084
58085
58086
58088
58089
58093
58094
58095
58096
58098
58099
58102
58103
58108
58109
58110
58111
58112
58113
58116
58118
58119
58120
58122
58124
58127
58129
58130
58132
58133
58135
58137
58140
58141
58143
58144
58145
58146
58150
58152
58153
58154
58156
58159
58161
58162
58165
58169
58170
58172
58175
58178
58179
58180
58182
58187
58191
58195
58199
58200
58201
58202
58207
58209
58212
58213
58217
58218
58219
58220
58221
58222
58223
58224
58225
58226
58227
58228
58242
58245
58246
58247
58248
58252
58256
58257
58263
58265
58266
58274
58276
58277
58279
58283
58284
58286
58289
58292
58294
58299
58300
58301
58302
58303
58306
58307
58318
58321
58324
58325
58326
58329
58332
58333
58336
58337
58340
58341
58342
58346
58349
58350
58353
58355
58356
58357
58358
58359
58363
58365
58366
58367
58378
58382
58386
58389
58392
58404
58407
58411
58412
58413
58414
58422
58425
58427
58432
58433
58436
58438
58440
58441
58442
58443
58447
58448
58452
58453
58455
58461
58466
58469
58471
58472
58473
58474
58475
58476
58479
58480
58482
58483
58484
58488
58490
58493
58499
58510
58511
58514
58518
58520
58521
58524
58525
58526
58527
58530
58533
58536
58537
58541
58543
58549
58551
58554
58555
58557
58558
58563
58564
58568
58569
58571
58572
58575
58577
58588
58589
58592
58593
58596
58597
58601
58602
58604
58605
58607
58608
58612
58617
58619
58626
58631
58635
58637
58638
58641
58643
58644
58646
58649
58651
58657
58658
58660
58661
58665
58666
58669
58672
58673
58683
58684
58685
58687
58688
58690
58692
58693
58701
58702
58703
58704
58707
58708
58709
58710
58719
58720
58721
58726
58727
58732
58733
58735
58736
58737
58750
58752
58754
58764
58766
58769
58770
58775
58784
58785
58786
58787
58791
58793
58800
58801
58805
58809
58819
58820
58821
58822
58823
58824
58825
58829
58831
58839
58840
58843
58844
58849
58850
58851
58854
58855
58858
58859
58860
58865
58868
58872
58873
58874
58877
58883
58885
58887
58888
58893
58896
58897
58900
58903
58904
58908
58910
58911
58912
58913
58915
58916
58917
58921
58922
58924
58928
58933
58934
58935
58938
58940
58941
58942
58943
58944
58946
58947
58952
58965
58966
58968
58970
58974
58975
58976
58977
58978
58982
58983
58984
58985
58986
58987
58988
58995
58998
58999
59001
59002
59003
59004
59007
59009
59010
59012
59013
59015
59016
59022
59025
59030
59034
59038
59039
59042
59044
59045
59046
59048
59050
59051
59052
59053
59054
59055
59056
59060
59065
59066
59069
59071
59073
59076
59078
59081
59083
59084
59088
59090
59091
59092
59094
59095
59096
59099
59103
59105
59107
59108
59109
59110
59111
59112
59113
59115
59116
59117
59120
59121
59122
59124
59129
59130
59135
59137
59139
59140
59142
59145
59147
59148
59149
59151
59156
59157
59160
59161
59162
59163
59165
59167
59168
59169
59170
59171
59172
59173
59176
59177
59179
59180
59181
59182
59184
59186
59188
59189
59190
59191
59192
59193
59194
59196
59201
59210
59211
59214
59218
59221
59222
59224
59225
59227
59231
59247
59249
59252
59256
59260
59262
59263
59264
59265
59269
59272
59273
59275
59277
59278
59279
59281
59282
59284
59285
59287
59288
59289
59291
59292
59294
59295
59298
59299
59302
59305
59306
59307
59310
59311
59312
59313
59314
59315
59324
59325
59327
59328
59329
59332
59335
59336
59337
59338
59343
59344
59348
59350
59355
59359
59363
59365
59369
59373
59374
59375
59377
59382
59386
59390
59399
59401
59405
59406
59407
59408
59410
59413
59416
59418
59419
59421
59422
59429
59433
59437
59438
59439
59440
59443
59446
59447
59448
59449
59450
59451
59452
59453
59455
59456
59457
59458
59459
59460
59461
59462
59466
59468
59472
59478
59479
59482
59483
59484
59485
59486
59487
59488
59489
59490
59491
59494
59495
59498
59499
59500
59501
59502
59506
59509
59510
59511
59512
59515
59516
59517
59518
59519
59520
59521
59522
59523
59524
59527
59528
59529
59530
59531
59534
59537
59538
59539
59541
59542
59543
59544
59547
59549
59555
59557
59558
59560
59562
59563
59566
59573
59575
59576
59579
59581
59585
59586
59588
59599
59605
59606
59607
59609
59611
59615
59617
59622
59623
59624
59625
59627
59629
59630
59634
59638
59641
59650
59651
59653
59655
59659
59661
59662
59665
59666
59667
59671
59689
59690
59691
59692
59693
59694
59697
59700
59702
59706
59708
59712
59717
59724
59732
59733
59741
59747
59751
59756
59766
59783
59790
59793
59796
59799
59802
59806
59807
59814
59815
59816
59818
59822
59824
59826
59828
59832
59835
59837
59840
59843
59844
59847
59848
59849
59851
59852
59853
59856
59858
59860
59861
59864
59869
59872
59873
59878
59879
59880
59885
59888
59890
59891
59899
59918
59919
59926
59929
59930
59931
59945
59948
59950
59951
59953
59956
59959
59966
59968
59972
59974
59983
59984
59986
60028
60032
60047
60053
60059
60060
60062
60065
60070
60085
60087
60100
60112
60126
60128
60130
60131
60140
60142
60148
60151
60156
60157
60159
60161
60167
60168
60176
60191
60201
60203
60206
60207
60208
60209
60213
60215
60220
60221
60222
60223
60224
60225
60227
60229
60230
60231
60233
60234
60241
60243
60244
60247
60250
60254
60255
60258
60259
60260
60261
60267
60272
60273
60274
60275
60286
60290
60292
60301
60302
60305
60306
60310
60313
60322
60323
60324
60327
60328
60335
60338
60341
60345
60351
60352
60353
60358
60359
60360
60363
60364
60368
60373
60376
60379
60380
60381
60382
60386
60387
60390
60395
60401
60404
60405
60406
60411
60412
60421
60426
60427
60431
60446
60450
60453
60454
60458
60459
60460
60463
60464
60467
60469
60470
60473
60481
60487
60489
60499
60501
60510
60515
60519
60520
60521
60524
60525
60526
60527
60532
60539
60543
60545
60551
60552
60568
60573
60579
60580
60582
60588
60596
60599
60602
60604
60612
60618
60620
60621
60623
60624
60625
60626
60630
60631
60635
60640
60643
60645
60650
60652
60693
60694
60698
60707
60709
60712
60716
60728
60731
60743
60744
60745
60748
60755
60757
60760
60765
60767
60768
60770
60771
60772
60773
60774
60778
60779
60782
60783
60785
60787
60788
60790
60791
60792
60794
60834
60868
60870
60871
60872
60875
60880
60881
60882
60884
60885
60886
60887
60888
60889
60890
60891
60892
60893
60894
60899
60900
60901
60902
60903
60906
60908
60909
60910
60915
60918
60920
60921
60922
60923
60926
60928
60929
60930
60932
60933
60934
60936
60937
60938
60940
60941
60942
60943
60945
60946
60947
60948
60949
60950
60951
60953
60955
60956
60957
60960
60962
60963
60964
60965
60966
60967
60968
60970
60971
60978
60982
60983
60987
60992
60993
60994
60997
61007
61026
61029
61030
61031
61186
61187
61188
61189
61192
61196
61197
61198
61199
61201
61205
61214
61216
61217
61227
61234
61235
61238
61239
61240
61244
61245
61247
61248
61252
61255
61257
61258
61259
61261
61264
61265
61266
61269
61276
61278
61281
61286
61288
61291
61292
61297
61299
61300
61302
61311
61312
61313
61318
61321
61322
61323
61332
61338
61340
61341
61343
61344
61345
61350
61353
61357
61359
61360
61362
61363
61365
61369
61371
61372
61376
61378
61385
61387
61391
61393
61394
61395
61399
61401
61404
61407
61410
61414
61415
61417
61421
61423
61428
61430
61433
61443
61448
61449
61451
61452
61454
61455
61459
61469
61476
61479
61481
61483
61485
61486
61487
61490
61493
61494
61501
61505
61506
61507
61510
61515
61521
61523
61524
61525
61532
61533
61536
61537
61542
61543
61548
61549
61555
61556
61558
61564
61566
61572
61574
61576
61579
61585
61586
61588
61593
61598
61604
61605
61607
61610
61611
61613
61616
61617
61624
61626
61627
61628
61633
61635
61637
61639
61642
61644
61646
61647
61652
61654
61659
61661
61662
61663
61665
61666
61668
61670
61671
61676
61678
61679
61681
61683
61684
61685
61686
61689
61692
61698
61700
61704
61707
61708
61710
61711
61712
61713
61720
61722
61723
61724
61725
61726
61727
61728
61729
61730
61731
61735
61736
61737
61738
61739
61740
61741
61742
61743
61744
61745
61746
61747
61748
61749
61750
61751
61752
61753
61754
61755
61756
61757
61758
61759
61760
61762
61763
61764
61765
61766
61767
61768
61770
61771
61772
61773
61775
61776
61778
61779
61780
61781
61782
61783
61794
61795
61796
61797
61798
61799
61801
61803
61806
61807
61808
61809
61810
61811
61812
61813
61814
61815
61816
61818
61819
61820
61821
61822
61823
61825
61826
61827
61828
61829
61830
61831
61832
61833
61834
61835
61836
61837
61838
61839
61840
61841
61842
61843
61844
61847
61848
61850
61852
61853
61855
61857
61858
61859
61860
61861
61862
61863
61864
61865
61866
61867
61870
61871
61872
61876
61878
61879
61880
61881
61883
61885
61886
61887
61890
61891
61892
61893
61894
61897
61898
61899
61900
61901
61902
61903
61904
61905
61906
61907
61908
61909
61910
61914
61915
61916
61917
61918
61919
61920
61921
61922
61923
61924
61925
61926
61927
61928
61929
61930
61931
61932
61933
61934
61935
61936
61937
61938
61943
61946
61948
61949
61950
61951
61952
61956
61959
61960
61962
61963
61964
61966
61967
61968
61969
61971
61972
61973
61974
61975
61977
61978
61979
61980
61981
61982
61983
61984
61985
61986
61987
61988
61989
61990
61991
61993
61994
61995
61996
61997
61998
62000
62001
62002
62003
62004
62005
62006
62007
62008
62010
62011
62012
62013
62016
62017
62018
62019
62022
62023
62024
62025
62026
62028
62029
62030
62031
62032
62033
62034
62035
62036
62037
62038
62039
62041
62042
62043
62044
62045
62047
62048
62049
62050
62052
62053
62054
62055
62056
62058
62059
62060
62061
62062
62063
62064
62065
62066
62067
62068
62069
62070
62071
62074
62075
62076
62079
62080
62081
62082
62084
62085
62087
62089
62091
62092
62093
62095
62097
62098
62099
62100
62101
62103
62104
62105
62106
62107
62108
62110
62111
62112
62113
62115
62116
62117
62118
62119
62120
62121
62122
62123
62124
62125
62126
62128
62129
62130
62131
62132
62133
62134
62135
62136
62137
62138
62139
62140
62141
62142
62143
62144
62145
62147
62148
62149
62151
62153
62155
62156
62157
62158
62159
62162
62163
62165
62166
62168
62170
62171
62173
62174
62175
62176
62179
62182
62183
62185
62186
62187
62188
62189
62190
62191
62192
62194
62195
62197
62198
62200
62201
62203
62204
62205
62206
62208
62209
62210
62211
62212
62213
62214
62215
62216
62217
62218
62220
62221
62222
62223
62224
62225
62226
62227
62229
62234
62235
62236
62237
62238
62239
62240
62241
62242
62243
62244
62247
62248
62250
62252
62253
62255
62259
62260
62262
62263
62264
62266
62267
62268
62269
62270
62271
62272
62273
62274
62276
62277
62278
62280
62281
62282
62284
62285
62286
62289
62290
62291
62292
62293
62294
62297
62298
62299
62300
62301
62302
62303
62305
62307
62309
62310
62311
62312
62313
62316
62317
62318
62319
62320
62321
62324
62325
62326
62327
62328
62329
62330
62331
62334
62335
62337
62339
62341
62343
62345
62346
62347
62348
62349
62350
62351
62352
62353
62354
62355
62356
62357
62358
62359
62360
62361
62362
62363
62364
62365
62366
62368
62370
62371
62372
62373
62374
62378
62379
62380
62381
62382
62383
62384
62385
62386
62387
62388
62389
62391
62392
62393
62394
62395
62396
62397
62398
62399
62400
62401
62402
62405
62408
62409
62410
62411
62412
62415
62416
62417
62418
62419
62420
62425
62426
62427
62428
62429
62430
62431
62432
62433
62434
62435
62436
62437
62438
62439
62440
62443
62444
62445
62447
62448
62449
62451
62452
62453
62455
62456
62458
62459
62460
62461
62462
62463
62464
62466
62467
62468
62469
62470
62471
62472
62473
62474
62475
62476
62477
62479
62481
62482
62483
62484
62485
62487
62488
62489
62490
62492
62493
62494
62496
62497
62498
62499
62500
62501
62502
62505
62506
62507
62508
62509
62510
62511
62513
62514
62515
62518
62521
62523
62525
62526
62527
62528
62530
62532
62533
62534
62535
62537
62538
62539
62541
62542
62543
62544
62547
62548
62549
62550
62552
62553
62557
62558
62559
62560
62562
62563
62564
62565
62566
62567
62571
62572
62573
62574
62575
62576
62579
62580
62581
62582
62583
62584
62585
62586
62587
62588
62589
62592
62593
62594
62595
62596
62598
62599
62600
62601
62602
62603
62604
62605
62606
62608
62609
62610
62611
62612
62613
62614
62615
62617
62618
62619
62620
62621
62622
62629
62630
62631
62633
62634
62635
62636
62638
62639
62640
62641
62642
62643
62644
62645
62646
62647
62648
62649
62650
62651
62652
62653
62654
62655
62656
62657
62658
62659
62660
62661
62662
62663
62664
62665
62666
62667
62668
62669
62670
62671
62672
62673
62674
62675
62676
62677
62678
62679
62680
62681
62682
62683
62684
62685
62686
62687
62688
62689
62690
62691
62692
62693
62694
62695
62696
62699
62701
62702
62703
62706
62707
62708
62709
62710
62711
62712
62713
62714
62715
62716
62717
62718
62719
62720
62721
62722
62723
62724
62725
62728
62729
62730
62731
62732
62733
62735
62736
62737
62740
62741
62742
62743
62744
62745
62746
62747
62748
62751
62753
62754
62755
62757
62758
62759
62760
62761
62763
62764
62765
62769
62771
62772
62774
62775
62776
62777
62778
62779
62781
62782
62783
62784
62785
62786
62787
62788
62789
62790
62791
62792
62793
62794
62797
62798
62799
62803
62804
62805
62806
62807
62808
62809
62817
62818
62820
62821
62822
62823
62824
62825
62826
62827
62828
62831
62832
62833
62834
62835
62836
62837
62838
62839
62840
62841
62842
62845
62846
62847
62848
62849
62852
62855
62856
62857
62858
62859
62861
62862
62864
62865
62866
62868
62869
62870
62871
62872
62874
62875
62876
62877
62886
62887
62888
62889
62891
62892
62893
62896
62898
62899
62900
62901
62902
62903
62904
62905
62906
62907
62909
62910
62911
62912
62913
62914
62915
62918
62919
62920
62921
62925
62926
62927
62928
62929
62930
62931
62932
62933
62934
62935
62936
62937
62938
62939
62940
62941
62942
62943
62944
62945
62946
62947
62948
62949
62950
62951
62952
62953
62955
62956
62957
62958
62959
62961
62962
62963
62964
62968
62969
62970
62971
62972
62973
62976
62978
62979
62985
62986
62987
62988
62991
62992
62993
62996
62997
63003
63004
63005
63007
63009
63011
63012
63013
63014
63015
63016
63017
63018
63019
63021
63022
63023
63024
63028
63029
63030
63031
63032
63033
63034
63035
63036
63037
63038
63039
63040
63043
63046
63047
63048
63049
63051
63054
63055
63056
63057
63058
63059
63060
63061
63062
63063
63064
63065
63067
63068
63072
63074
63076
63077
63078
63079
63081
63082
63083
63084
63085
63087
63088
63089
63090
63091
63092
63093
63095
63099
63100
63102
63103
63104
63107
63108
63109
63110
63111
63113
63114
63118
63119
63122
63126
63127
63128
63131
63132
63133
63134
63135
63136
63139
63140
63143
63146
63147
63148
63150
63152
63153
63154
63155
63156
63158
63159
63160
63161
63162
63163
63165
63166
63167
63168
63169
63170
63171
63172
63173
63174
63175
63178
63179
63180
63181
63182
63183
63184
63185
63186
63187
63188
63189
63190
63191
63192
63194
63195
63196
63199
63200
63201
63202
63203
63204
63205
63209
63210
63211
63212
63213
63214
63218
63219
63221
63222
63223
63225
63226
63229
63231
63232
63233
63234
63235
63236
63237
63238
63239
63241
63242
63244
63246
63248
63249
63250
63251
63253
63254
63255
63256
63257
63258
63260
63262
63263
63264
63265
63266
63268
63269
63270
63271
63272
63273
63274
63275
63276
63277
63278
63279
63282
63283
63284
63286
63287
63288
63291
63292
63293
63294
63296
63297
63298
63299
63300
63301
63302
63303
63304
63305
63306
63308
63309
63310
63311
63312
63314
63317
63321
63322
63323
63324
63325
63326
63327
63330
63331
63332
63333
63334
63335
63336
63337
63338
63339
63340
63341
63342
63343
63346
63347
63349
63350
63351
63353
63354
63355
63357
63358
63359
63360
63361
63362
63364
63365
63366
63367
63368
63369
63370
63371
63373
63374
63375
63376
63377
63378
63379
63380
63381
63382
63383
63384
63385
63386
63387
63388
63389
63391
63392
63393
63394
63395
63396
63397
63401
63403
63404
63405
63406
63407
63408
63409
63410
63411
63412
63413
63414
63415
63416
63420
63421
63422
63423
63424
63425
63426
63427
63429
63430
63431
63432
63433
63435
63436
63437
63438
63439
63440
63442
63443
63444
63445
63446
63447
63448
63449
63450
63452
63454
63456
63458
63461
63462
63463
63464
63465
63469
63471
63473
63474
63475
63476
63477
63478
63479
63480
63481
63482
63487
63489
63490
63491
63492
63493
63494
63495
63496
63497
63498
63499
63500
63501
63502
63503
63508
63509
63510
63511
63512
63513
63516
63519
63520
63521
63523
63528
63529
63531
63533
63534
63535
63536
63537
63538
63539
63540
63541
63542
63543
63544
63547
63549
63550
63552
63553
63554
63555
63557
63558
63559
63564
63565
63566
63568
63569
63570
63571
63572
63573
63575
63576
63577
63578
63579
63580
63582
63583
63584
63585
63586
63587
63589
63590
63591
63593
63594
63595
63596
63597
63598
63599
63603
63605
63606
63607
63610
63611
63612
63613
63614
63615
63616
63618
63619
63620
63621
63623
63624
63625
63626
63627
63628
63629
63630
63631
63632
63633
63634
63635
63636
63637
63638
63639
63640
63641
63642
63646
63673
64110
64972
64975
64976
64977
64978
64979
64980
64985
64986
64987
64997
64998
65005
65008
65021
65022
65029
65032
65035
65038
65043
65044
65045
65054
65055
65056
65058
65059
65060
65061
65062
65063
65065
65066
65068
65077
65081
65083
65084
65085
65086
65088
65090
65091
65092
65093
65094
65100
65102
65104
65106
65107
65110
65113
65116
65117
65119
65120
65121
65125
65127
65128
65129
65132
65133
65134
65135
65137
65139
65140
65141
65143
65150
65153
65155
65156
65158
65160
65161
65162
65163
65164
65165
65166
65167
65168
65169
65171
65176
65177
65180
65181
65182
65186
65188
65189
65190
65191
65192
65193
65197
65200
65202
65203
65204
65205
65208
65212
65215
65219
65220
65222
65224
65225
65226
65251
65252
65253
65254
65255
65256
65259
65269
65270
65271
65279
65280
65282
65284
65285
65286
65287
65290
65293
65296
65298
65299
65302
65305
65307
65308
65309
65311
65312
65314
65316
65319
65325
65327
65328
65329
65330
65331
65336
65344
65345
65348
65354
65355
65363
65364
65370
65377
65378
65383
65387
65399
65401
65402
65404
65407
65409
65410
65413
65415
65416
65419
65420
65424
65427
65428
65429
65431
65434
65435
65440
65442
65447
65449
65453
65460
65462
65464
65465
65473
65474
65475
65476
65477
65478
65479
65481
65483
65484
65485
65489
65491
65495
65503
65504
65509
65510
65513
65518
65519
65522
65524
65525
65527
65529
65530
65531
65535
65539
65540
65828
65830
65841
65842
65860
65861
65862
65866
65885
65887
65888
65890
65895
65897
65898
65900
65904
65907
65908
65920
65927
65928
65930
65940
65942
65948
65949
65953
65957
65959
65964
65966
66039
66055
66057
66058
66063
66083
66084
66085
66086
66087
66093
66094
66095
66096
66097
66100
66106
66108
66113
66115
66116
66118
66119
66120
66122
66125
66126
66136
66153
66159
66162
66166
66168
66177
66178
66179
66187
66188
66190
66192
66193
66194
66195
66205
66213
66214
66230
66356
66358
66359
66360
66362
66364
66365
66366
66368
66369
66370
66371
66372
66373
66374
66507
66508
66509
66510
66511
66512
66514
66516
66517
66518
66520
66521
66522
66523
66524
66525
66528
66567
66568
66569
66570
66571
66573
66574
66575
66576
66577
66578
66579
66580
66581
66582
66585
66586
66587
66666
66667
66669
66677
66680
66685
66696
66706
66710
66713
66716
66719
66731
66737
66741
66743
66744
66745
66746
66747
66748
66749
66750
66751
66752
66753
66754
66767
66770
66771
66772
66773
66778
66780
66783
66791
66792
66793
66796
66797
66798
66799
66800
66801
66804
66805
66806
66807
66808
66809
66810
66811
66820
66821
66822
66823
66833
66839
66841
66842
66845
66849
66857
66882
66883
66888
66889
66891
66892
66893
66896
66897
66900
66902
66903
66904
66906
66907
66908
66909
66910
66911
66912
66913
66914
66916
66918
66919
66921
66922
66924
66925
66928
66929
66930
66931
66932
66933
66934
66936
66937
66939
66941
66942
66943
66944
66945
66946
66948
66950
66953
66956
66958
66959
66960
66966
66967
66968
66969
66970
66971
66972
66975
66977
66980
66981
66982
66983
66985
66986
66989
66991
66994
66995
66997
66998
66999
67000
67001
67004
67005
67007
67009
67010
67011
67012
67013
67015
67018
67019
67020
67022
67023
67024
67028
67033
67034
67035
67036
67038
67040
67043
67046
67048
67049
67050
67056
67058
67077
67084
67085
67087
67088
67089
67091
67097
67098
67099
67100
67101
67102
67103
67104
67105
67107
67109
67111
67114
67115
67116
67117
67118
67119
67121
67125
67126
67135
67136
67144
67146
67149
67150
67151
67152
67155
67159
67161
67162
67169
67170
67177
67182
67184
67189
67191
67193
67196
67197
67198
67199
67202
67211
67212
67215
67225
67226
67228
67229
67232
67237
67238
67241
67243
67246
67247
67252
67254
67256
67257
67258
67259
67260
67261
67262
67263
67265
67267
67272
67275
67282
67284
67286
67288
67295
67297
67298
67300
67307
67309
67310
67311
67313
67316
67317
67319
67332
67341
67346
67352
67354
67362
67368
67369
67371
67374
67375
67378
67388
67390
67391
67392
67394
67395
67396
67398
67399
67401
67402
67403
67404
67405
67406
67407
67408
67411
67412
67413
67414
67417
67418
67430
67431
67432
67433
67434
67436
67437
67438
67439
67440
67441
67442
67443
67444
67445
67446
67447
67448
67449
67450
67451
67452
67453
67454
67455
67456
67458
67459
67461
67464
67465
67468
67469
67470
67471
67474
67476
67477
67478
67483
67484
67486
67488
67493
67494
67495
67497
67500
67501
68829
68830
68831
68836
68885
68896
68897
68898
68899
68900
68901
68902
68904
68909
68919
68920
68921
68922
69033
69044
69067
69160
69161
69176
69177
69178
69179
69180
69181
69184
69185
69186
69187
69188
69189
69190
69191
69193
69194
69196
69197
69198
69199
69200
69202
69203
69204
69205
69207
69209
69210
69211
69213
69214
69220
69221
69226
69227
69228
69231
69236
69237
69238
69240
69241
69242
69243
69244
69245
69246
69247
69250
69253
69255
69256
69257
69258
69260
69262
69264
69275
69276
69277
69337
69338
69340
69342
69343
69344
69345
69346
69347
69348
69349
69352
69353
69356
69357
69358
69359
69361
69362
69363
69364
69365
69366
69367
69368
69369
69370
69371
69372
69373
69374
69375
69376
69377
69378
69379
69381
69382
69383
69384
69386
69387
69388
69389
69390
69396
69398
69400
69401
69402
69403
69404
69410
69443
69444
69445
69449
69456
69457
69459
69460
69461
69462
69487
69489
69493
69497
69499
69500
69501
69503
69504
69507
69509
69512
69516
69520
69521
69522
69523
69526
69527
69529
69530
69531
69532
69533
69534
69536
69537
69539
69540
69543
69544
69545
69546
69547
69548
69556
69557
69560
69566
69567
69568
69569
69570
69575
69576
69577
69580
69581
69582
69585
69586
69587
69588
69591
69593
69594
69597
69599
69601
69602
69604
69605
69608
69614
69617
69619
69625
69650
69703
69705
69706
69712
69713
69714
69715
69716
69717
69719
69720
69721
69722
69723
69729
69730
69732
69733
69734
69735
69743
69744
69745
69746
69748
69749
69750
69751
69758
69759
69760
69761
69762
69763
69764
69766
69767
69768
69769
69770
69774
69775
69778
69779
69780
69781
69782
69784
69785
69786
69787
69789
69790
69791
69793
69794
69796
69797
69798
69799
69801
69803
69804
69806
69807
69809
69810
69814
69815
69817
69818
69819
69820
69821
69822
69823
69824
69825
69826
69827
69829
69830
69831
69834
69835
69836
69837
69841
69865
69866
69867
69868
69869
69870
69871
69872
69873
69874
69875
69876
69877
69878
69879
69880
69881
69883
69884
69885
69886
69887
69888
69889
69890
69904
69906
69908
69909
69915
69917
69918
69920
69924
69925
69928
69935
69936
69937
69938
69940
69941
69942
69945
69947
69953
69954
69955
69961
69962
69963
69975
69976
69978
69980
69982
69983
69984
69996
70001
70003
70004
70005
70013
70014
70018
70020
70021
70026
70029
70030
70035
70036
70041
70044
70050
70051
70053
70054
70055
70056
70057
70058
70060
70061
70062
70063
70064
70065
70066
70068
70069
70076
70077
70078
70079
70096
70098
70101
70102
70111
70117
70118
70119
70120
70121
70155
70157
70158
70159
70160
70161
70165
70167
70168
70169
70174
70175
70176
70177
70178
70179
70180
70181
70188
70189
70195
70196
70198
70199
70200
70204
70205
70206
70207
70208
70210
70211
70213
70214
70219
70221
70222
70224
70225
70228
70229
70232
70234
70235
70236
70237
70240
70241
70242
70243
70244
70246
70247
70249
70250
70251
70252
70253
70254
70255
70256
70257
70259
70261
70262
70263
70264
70265
70266
70267
70268
70269
70270
70281
70315
70318
70319
70320
70449
70451
70452
70457
70458
70459
70460
70461
70462
70467
70468
70471
70472
70475
70476
70477
70478
70479
70480
70481
70485
70486
70487
70488
70489
70490
70491
70492
70493
70494
70495
70496
70497
70498
70499
70500
70503
70504
70505
70506
70507
70508
70513
70514
70515
70516
70518
70519
70521
70522
70523
70524
70525
70526
70527
70528
70529
70530
70531
70532
70535
70538
70541
70542
70550
70553
70554
70555
70556
70558
70559
70560
70561
70562
70563
70564
70565
70566
70567
70568
70569
70572
70573
70574
70575
70576
70577
70578
70579
70580
70581
70583
70584
70585
70586
70587
70588
70590
70591
70592
70593
70594
70595
70596
70597
70598
70599
70600
70601
70602
70603
70604
70605
70606
70607
70608
70609
70610
70611
70612
70613
70614
70615
70616
70617
70618
70619
70620
70621
70622
70624
70625
70626
70627
70630
70631
70632
70633
70635
70636
70637
70638
70639
70640
70641
70642
70643
70644
70656
70662
70663
70664
70665
70666
70667
70668
70669
70670
70671
70672
70673
70674
70675
70676
70677
70679
70680
70681
70684
70685
70686
70687
70688
70692
70696
70698
70699
70700
70701
70702
70704
70705
70707
70709
70712
70713
70714
70715
70716
70717
70718
70719
70720
70722
70723
70724
70726
70727
70728
70729
70730
70737
70738
70739
70740
70747
70748
70752
70753
70756
70762
70763
70767
70768
70773
70774
70776
70777
70778
70779
70780
70781
70782
70783
70784
70786
70787
70788
70789
70791
70792
70793
70794
70795
70796
70797
70798
70799
70800
70801
70802
70803
70804
70806
70807
70808
70809
70810
70811
70812
70813
70817
70818
70819
70820
70821
70823
70838
70840
70843
70844
70845
70850
70852
70854
70856
70857
70859
70860
70862
70866
70867
70870
70873
70880
70885
70886
70891
70892
70893
70894
70895
70897
70898
70899
70901
70907
70911
70913
70914
70915
70917
70919
70920
70921
70922
70925
70927
70928
70929
70931
70932
70935
70937
70938
70939
70942
70943
70946
70950
70955
70957
70967
70968
70972
70974
70976
70979
70990
70992
71000
71002
71008
71009
71012
71018
71019
71020
71022
71024
71025
71027
71030
71033
71038
71040
71041
71042
71043
71044
71046
71050
71057
71059
71061
71062
71067
71068
71075
71077
71078
71081
71083
71093
71102
71104
71106
71108
71111
71112
71114
71118
71122
71123
71124
71126
71128
71131
71132
71136
71137
71138
71141
71142
71143
71144
71147
71148
71151
71153
71157
71165
71168
71169
71170
71173
71174
71176
71177
71181
71182
71187
71188
71193
71199
71200
71207
71211
71212
71220
71226
71243
71244
71246
71251
71253
71254
71255
71258
71263
71267
71268
71269
71271
71273
71276
71279
71281
71282
71285
71287
71291
71294
71297
71299
71302
71305
71307
71309
71313
71326
71328
71329
71338
71342
71353
71355
71356
71357
71363
71364
71373
71374
71377
71381
71383
71384
71386
71395
71396
71398
71406
71407
71409
71415
71421
71428
71429
71431
71432
71433
71440
71442
71443
71447
71455
71463
71471
71474
71481
71483
71493
71504
71505
71508
71509
71510
71511
71513
71514
71515
71516
71523
71524
71536
71544
71545
71551
71552
71554
71555
71556
71558
71565
71570
71573
71574
71576
71583
71587
71592
71593
71605
71610
71619
71623
71624
71635
71637
71638
71642
71649
71652
71654
71657
71658
71661
71664
71666
71667
71677
71678
71681
71682
71683
71684
71689
71690
71692
71693
71694
71698
71700
71704
71709
71710
71717
71725
71727
71728
71731
71738
71741
71745
71746
71751
71754
71759
71761
71763
71764
71766
71769
71771
71772
71775
71777
71778
71779
71780
71784
71785
71790
71795
71796
71801
71805
71807
71809
71813
71814
71823
71825
71829
71834
71835
71840
71842
71843
71844
71848
71851
71857
71859
71865
71866
71868
71870
71876
71883
71884
71886
71887
71888
71890
71893
71894
71895
71897
71901
71903
71904
71906
71909
71914
71917
71919
71920
71921
71930
71931
71932
71935
71952
71957
71969
71971
71974
71976
71982
71984
71985
71986
71987
71990
71999
72000
72001
72004
72007
72009
72012
72014
72016
72021
72023
72028
72030
72034
72043
72045
72047
72048
72049
72050
72051
72052
72053
72054
72055
72056
72058
72059
72065
72068
72075
72078
72079
72080
72086
72089
72090
72091
72093
72097
72099
72100
72103
72104
72105
72106
72107
72111
72115
72117
72118
72119
72120
72122
72123
72126
72127
72128
72129
72130
72132
72136
72138
72150
72153
72155
72162
72164
72171
72172
72174
72175
72176
72177
72178
72179
72184
72185
72188
72189
72195
72196
72198
72199
72200
72201
72203
72204
72205
72209
72211
72221
72223
72224
72225
72228
72232
72233
72234
72235
72236
72238
72242
72245
72246
72247
72250
72252
72256
72259
72260
72261
72262
72264
72267
72268
72270
72271
72272
72273
72274
72278
72279
72280
72282
72283
72284
72285
72286
72287
72289
72291
72293
72294
72297
72298
72304
72309
72310
72312
72313
72318
72319
72320
72325
72326
72327
72332
72337
72338
72339
72352
72354
72358
72361
72365
72367
72371
72372
72373
72375
72377
72380
72381
72382
72384
72385
72389
72391
72395
72400
72402
72405
72407
72408
72409
72414
72417
72418
72421
72426
72427
72428
72430
72440
72442
72443
72444
72445
72447
72450
72452
72454
72456
72458
72459
72460
72466
72467
72468
72470
72477
72478
72479
72480
72490
72494
72498
72501
72503
72504
72505
72511
72513
72514
72529
72538
72539
72546
72550
72554
72564
72568
72573
72585
72594
72595
72602
72616
72619
72626
72629
72644
72649
72654
72655
72662
72664
72667
72670
72671
72684
72688
72689
72690
72696
72700
72701
72702
72706
72710
72712
72715
72718
72719
72720
72723
72726
72728
72734
72740
72741
72742
72744
72745
72746
72747
72749
72751
72752
72753
72758
72763
72764
72766
72767
72768
72769
72770
72772
72779
72782
72783
72785
72786
72787
72788
72790
72794
72795
72797
72800
72801
72803
72805
72806
72807
72808
72809
72811
72812
72813
72814
72815
72816
72828
72829
72833
72834
72837
72842
72843
72848
72849
72850
72851
72852
72853
72854
72855
72857
72859
72862
72863
72864
72865
72866
72867
72868
72869
72870
72872
72874
72878
72881
72882
72883
72884
72885
72888
72890
72891
72892
72893
72894
72895
72896
72897
72898
72902
72910
72915
72916
72919
72921
72922
72923
72925
72926
72928
72929
72931
72932
72933
72935
72937
72938
72939
72940
72942
72945
72948
72949
72950
72951
72952
72955
72958
72959
72964
72965
72966
72967
72970
72972
72973
72974
72975
72976
72978
72980
72981
72982
72983
72984
72986
72991
72993
72994
72995
72997
72998
72999
73000
73001
73003
73004
73005
73007
73008
73009
73011
73012
73013
73014
73015
73016
73017
73019
73020
73021
73023
73024
73025
73027
73028
73031
73032
73033
73036
73046
73048
73051
73052
73054
73057
73060
73063
73065
73066
73068
73069
73070
73080
73081
73082
73083
73084
73085
73086
73087
73089
73090
73091
73092
73097
73098
73099
73100
73101
73102
73105
73107
73108
73117
73118
73130
73132
73134
73136
73138
73139
73140
73141
73143
73146
73147
73149
73150
73154
73156
73157
73163
73164
73165
73168
73174
73175
73176
73178
73180
73181
73184
73186
73191
73198
73200
73201
73203
73204
73206
73210
73212
73213
73214
73216
73218
73221
73224
73227
73236
73239
73244
73245
73247
73248
73251
73253
73255
73256
73257
73258
73261
73265
73266
73268
73269
73270
73272
73279
73282
73283
73287
73289
73294
73295
73297
73303
73305
73309
73311
73312
73314
73316
73318
73324
73325
73330
73331
73332
73333
73334
73337
73339
73341
73342
73343
73346
73347
73349
73350
73352
73356
73358
73359
73364
73366
73367
73370
73372
73375
73378
73380
73385
73387
73391
73397
73398
73402
73405
73406
73407
73408
73409
73412
73413
73416
73420
73423
73425
73427
73431
73433
73440
73445
73446
73449
73450
73454
73469
73470
73475
73479
73485
73487
73492
73493
73501
73502
73505
73507
73508
73511
73514
73515
73520
73521
73522
73524
73526
73530
73531
73532
73535
73548
73549
73551
73552
73557
73560
73561
73563
73568
73569
73570
73571
73572
73574
73582
73583
73584
73585
73588
73589
73592
73593
73594
73597
73598
73599
73606
73609
73610
73611
73612
73614
73615
73617
73620
73623
73624
73625
73627
73628
73629
73631
73632
73635
73638
73639
73640
73643
73645
73654
73655
73657
73659
73664
73666
73669
73672
73673
73675
73677
73681
73682
73685
73687
73688
73689
73690
73692
73698
73704
73707
73708
73709
73710
73711
73712
73713
73715
73716
73730
73734
73735
73742
73744
73746
73748
73752
73753
73754
73755
73756
73757
73763
73765
73766
73767
73774
73775
73776
73777
73778
73779
73781
73783
73786
73790
73791
73793
73798
73799
73800
73801
73805
73806
73809
73811
73817
73819
73831
73832
73835
73836
73837
73840
73841
73853
73854
73860
73866
73867
73868
73871
73874
73875
74437
74438
74439
74440
74441
74442
74443
74444
74445
74446
74456
74458
74460
74464
74466
74468
74471
74473
74476
74478
74480
74482
74484
74486
74488
74490
74492
74494
74496
74499
74503
74505
74507
74509
74511
74513
74515
74517
74519
74523
74526
74528
74532
74534
74536
74717
74718
74719
74720
74721
74722
74723
74724
74725
74726
74727
74729
74730
74731
74732
74733
74734
74736
74737
74738
74739
74741
74743
74745
74746
74747
74748
74750
74752
74753
74755
74757
74759
74761
74763
74765
74767
74770
74772
74774
74776
74778
74781
74782
74784
74787
74790
74793
74796
74797
74799
74800
74811
74813
74816
74818
74822
74825
74827
74833
74836
74839
74842
74845
74848
74851
74853
74856
74859
74862
74864
74867
74874
74877
74891
74905
74926
74947
75066
75070
75074
75082
75085
75088
75091
75096
75099
75156
75159
75162
75165
75167
75170
75173
75182
75185
75188
75192
75196
75200
75203
75205
75207
75208
75211
75220
75224
75229
75234
75237
75239
75242
75246
75250
75254
75256
75266
75272
75275
75279
75281
75284
75287
75289
75292
75296
75299
75302
75305
75309
75312
75315
75318
75331
75334
75337
75339
75342
75347
75349
75352
75356
75361
75365
75368
75371
75374
75376
75382
75385
75388
75390
75394
75397
75402
75405
75408
75411
75417
75420
75423
75428
75431
75433
75436
75439
75442
75445
75448
75450
75453
75456
75459
75461
75463
75466
75470
75473
75476
75481
75486
75489
75492
75495
75498
75500
75503
75506
75509
75512
75515
75518
75521
75523
75527
75529
75532
75534
75538
75540
75544
75546
75550
75553
75559
75562
75566
75569
75572
75575
75578
75580
75583
75586
75593
75596
75599
75604
75606
75609
75612
75615
75618
75620
75623
75627
75630
75633
75636
75639
75759
75761
75764
75767
75769
75772
75775
75777
75780
75784
75786
75789
75791
75794
75799
75802
75804
75807
75809
75811
75815
75817
75820
75823
75825
75828
75831
75834
75837
75839
75841
75844
75846
75848
75850
75853
75856
75858
75860
75863
75865
75868
75869
75871
75873
75876
75879
75884
75886
75888
75890
75894
75896
75898
75901
75903
75907
75909
75911
75913
75917
75919
75921
75924
75929
75931
75934
75940
75944
75947
75950
75952
75955
75958
75961
75964
75967
75970
75972
75975
75980
75982
75984
75989
75991
75995
75998
76001
76003
76006
76008
76011
76013
76015
76017
76020
76023
76026
76029
76031
76033
76036
76038
76041
76044
76045
76048
76050
76052
76055
76057
76059
76061
76067
76069
76071
76073
76075
76077
76079
76081
76083
76085
76087
76089
76093
76097
76099
76102
76104
76107
76109
76111
76113
76115
76117
76119
76122
76124
76126
76128
76130
76133
76135
76137
76139
76144
76147
76152
76155
76159
76172
76175
76177
76181
76184
76188
76194
76197
76200
76204
76207
76211
76214
76300
76302
76304
76306
76308
76311
76313
76317
76319
76321
76331
76335
76339
76342
76344
76346
76348
76352
76353
76355
76357
76361
76363
76365
76369
76371
76384
76386
76388
76390
76392
76394
76396
76398
76432
76433
76434
76435
76436
76437
76438
76439
76440
76441
76442
76443
76444
76445
76446
76447
76448
76449
76450
76451
76452
76453
76454
76455
76456
76457
76458
76459
76460
76461
76462
76463
76464
76465
76466
76467
76468
76559
76560
76561
76562
76563
76564
76565
76566
76567
76568
76569
76570
76571
76572
76573
76574
76575
76576
76577
76578
76579
76580
76581
76582
76583
76584
76585
76586
76587
76588
76589
76590
76591
76592
76593
76594
76595
76596
76597
76598
76599
76600
76601
76602
76603
76604
76605
76606
76607
76608
76609
76610
76611
76612
76613
76614
76615
76616
76617
76618
76619
76620
76621
76622
76623
76624
76625
76626
76627
76628
76629
76630
76631
76632
76633
76634
76635
76636
76637
76638
76639
76640
76641
76642
76643
76644
76645
76646
76647
76648
76649
76650
76651
76652
76653
76654
76655
76656
76657
76658
76660
76661
76662
76663
76664
76665
76666
76667
76668
76669
76670
76671
76672
76673
76674
76717
76718
76719
76720
76721
76722
76723
76724
76725
76726
76727
76728
76729
76730
76731
76732
76733
76734
76735
76736
76737
76738
76739
76740
76741
76742
76743
76744
76745
76746
76747
76748
76749
76750
76751
76752
76753
76754
76755
76756
76757
76758
76759
76760
76761
76762
76763
76764
76765
76766
76767
76768
76769
76770
76771
76772
76773
76774
76775
76776
76777
76778
76779
76780
76781
76782
76783
76784
76785
76786
76787
76788
76789
76790
76791
76792
76793
76794
76795
76796
76797
76798
76799
76800
76801
76802
76803
76804
76805
76806
76807
76808
76809
76810
76811
76812
76813
76814
76815
76816
76817
76818
76819
76820
76821
76822
76823
76824
76825
76826
76827
76828
76829
76830
76831
76832
76833
76834
76835
76836
76837
76838
76839
76840
76841
76842
76843
76880
76881
76882
76883
76884
76885
76886
76887
76888
76889
76890
76891
76892
76893
76894
76895
76896
76897
76898
76899
76900
76901
76902
76903
76904
76905
76943
76944
76945
76946
76947
76948
76949
76950
76951
76952
76953
76954
76955
76956
76957
76958
76959
76960
76961
76962
76963
76964
76965
76966
76967
76968
76969
76970
76971
76972
76973
76974
76975
76976
76977
76978
76979
77058
77059
77060
77061
77062
77063
77064
77065
77066
77067
77068
77069
77070
77071
77072
77073
77074
77075
77076
77077
77078
77079
77080
77081
77082
77083
77084
77085
77086
77087
77088
77089
77090
77091
77092
77093
77094
77095
77096
77097
77098
77099
77100
77101
77102
77103
77104
77105
77106
77107
77108
77109
77110
77111
77112
77113
77114
77115
77116
77117
77118
77119
77120
77121
77122
77123
77124
77125
77126
77127
77128
77129
77130
77131
77132
77133
77134
77135
77136
77137
77138
77139
77140
77141
77142
77143
77144
77145
77146
77147
77149
77150
77151
77152
77153
77154
77155
77156
77157
77158
77159
77160
77161
77162
77163
77164
77165
77166
77167
77168
77169
77170
77171
77172
77173
77174
77175
77176
77177
77178
77179
77180
77181
77182
77183
77184
77185
77186
77187
77188
77189
77190
77191
77192
77193
77194
77195
77196
77197
77198
77199
77200
77201
77202
77203
77204
77205
77206
77207
77208
77209
77210
77211
77212
77213
77214
77215
77216
77217
77218
77219
77220
77221
77222
77223
77224
77225
77226
77227
77228
77229
77230
77231
77232
77233
77234
77235
77236
77237
77238
77239
77240
77241
77242
77243
77244
77245
77246
77247
77248
77249
77250
77251
77252
77253
77254
77255
77256
77257
77258
77259
77260
77261
77262
77263
77264
77265
77266
77267
77268
77269
77270
77271
77272
77273
77274
77275
77276
77277
77278
77279
77280
77281
77282
77283
77284
77285
77286
77287
77288
77289
77290
77291
77292
77293
77294
77295
77296
77297
77298
77299
77300
77301
77302
77303
77304
77305
77306
77307
77308
77309
77310
77311
77312
77313
77549
77550
77551
77552
77554
77555
77556
77557
77558
77559
77560
77561
77562
77563
77564
77565
77566
77567
77568
77569
77570
77571
77572
77573
77574
77575
77576
77577
77578
77579
77580
77581
77582
77583
77584
77585
77586
77587
77588
77589
77590
77591
77592
77593
77594
77595
77596
77597
77598
77599
77600
77601
77602
77603
77604
77605
77606
77607
77608
77609
77610
77611
77612
77613
77615
77616
77617
77618
77619
77620
77621
77622
77623
77624
77625
77626
77627
77628
77629
77630
77631
77632
77633
77634
77635
77636
77637
77638
77639
77640
77641
77642
77643
77644
77645
77646
77647
77648
77649
77650
77651
77652
77653
77654
77655
77656
77657
77658
77659
77660
77661
77662
77663
77664
77665
77666
77667
77668
77676
77677
77678
77679
77680
77681
77682
77684
77685
77686
77687
77688
77689
77690
77691
77692
77693
77694
77695
77696
77697
77698
77699
77700
77701
77702
77703
77704
77705
77706
77707
77708
77709
77710
77711
77712
77713
77714
77715
77716
77717
77718
77719
77720
77721
77722
77723
77724
77725
77726
77729
77742
77743
77768
77779
77780
77782
77786
77787
77790
77791
77792
77804
77806
77813
77814
77822
77823
77824
77826
77827
77828
77833
77835
77837
77838
77839
77840
77848
77851
77856
77860
77862
77864
77873
77886
77887
77890
77952
77953
77954
77955
77956
77992
77993
77994
77995
77996
77997
77998
77999
78000
78001
78002
78003
78004
78005
78006
78007
78008
78009
78010
78011
78012
78013
78014
78015
78016
78017
78018
78019
78020
78021
78022
78023
78024
78025
78026
78027
78028
78029
78030
78031
78032
78033
78034
78035
78036
78037
78038
78039
78040
78041
78042
78043
78044
78045
78046
78047
78048
78049
78050
78051
78052
78053
78054
78055
78056
78057
78058
78059
78060
78061
78062
78063
78064
78065
78077
78078
78079
78080
78081
78082
78103
78104
78105
78106
78107
78108
78109
78110
78111
78112
78113
78114
78115
78116
78117
78118
78119
78120
78121
78122
78123
78124
78125
78126
78291
78292
78293
78306
78318
78319
78320
78321
78322
78323
78324
78325
78326
78327
78328
78329
78331
78332
78333
78334
78335
78336
78337
78338
78339
78340
78344
78347
78348
78349
78350
78353
78354
78355
78413
78414
78415
78416
78417
78418
78419
78420
78421
78422
78423
78424
78425
78426
78427
78428
78429
78430
78431
78432
78433
78434
78435
78436
78437
78438
78439
78440
78441
78442
78443
78444
78445
78446
78447
78448
78449
78450
78451
78452
78453
78454
78455
78456
78457
78459
78460
78461
78463
78464
78465
78466
78467
78468
78469
78470
78471
78472
78473
78474
78475
78476
78477
78478
78479
78480
78481
78482
78483
78484
78485
78488
78489
78490
78491
78492
78493
78494
78496
78497
78498
78499
78500
78501
78503
78504
78505
78506
78507
78508
78509
78510
78511
78512
78513
78514
78515
78517
78518
78519
78520
78521
78523
78524
78525
78526
78527
78528
78529
78531
78532
78535
78536
78537
78538
78539
78540
78542
78543
78544
78545
78546
78547
78548
78549
78550
78551
78553
78554
78555
78556
78557
78558
78559
78560
78561
78562
78563
78564
78565
78566
78567
78568
78569
78570
78571
78572
78573
78574
78575
78576
78577
78578
78579
78580
78581
78582
78583
78584
78585
78586
78587
78589
78590
78592
78593
78594
78595
78596
78597
78598
78599
78600
78601
78602
78604
78605
78607
78608
78609
78610
78611
78613
78614
78615
78616
78617
78618
78619
78620
78622
78623
78624
78625
78626
78627
78628
78629
78630
78631
78632
78633
78634
78637
78638
78639
78640
78641
78642
78643
78644
78645
78646
78649
78650
78651
78652
78653
78655
78656
78657
78658
78659
78661
78662
78667
78669
78670
78674
78675
78676
78677
78678
78680
78681
78682
78683
78684
78685
78686
78687
78688
78689
78692
78693
78694
78695
78696
78697
78698
78699
78700
78701
78702
78703
78704
78705
78706
78707
78708
78709
78710
78711
78713
78714
78715
78716
78717
78718
78719
78720
78721
78722
78723
78724
78725
78728
78729
78730
78731
78732
78733
78734
78735
78736
78737
78738
78739
78743
78744
78745
78746
78747
78748
78749
78750
78751
78752
78753
78754
78755
78756
78757
78758
78759
78761
78764
78765
78766
78768
78769
78770
78771
78772
78773
78774
78775
78776
78778
78779
78780
78781
78782
78783
78784
78785
78787
78788
78789
78790
78791
78793
78794
78795
78796
78797
78798
78799
78800
78801
78802
78804
78805
78806
78807
78808
78809
78810
78811
78813
78814
78815
78817
78819
78820
78822
78823
78824
78825
78826
78827
78828
78829
78830
78831
78832
78833
78834
78835
78836
78837
78838
78839
78840
78841
78842
78843
78844
78845
78846
78847
78848
78849
78850
78851
78852
78853
78854
78855
78856
78857
78858
78859
78860
78861
78862
78863
78864
78865
78866
78867
78868
78869
78870
78871
78872
78873
78874
78875
78876
78878
78879
78880
78881
78883
78884
78886
78887
78888
78889
78890
78891
78892
78894
78896
78897
78899
78900
78901
78902
78903
78904
78905
78906
78907
78908
78910
78911
78912
78914
78915
78916
78917
78918
78919
78920
78921
78922
78923
78924
78926
78927
78928
78929
78930
78931
78932
78933
78935
78936
78937
78938
78939
78940
78941
78942
78943
78944
78945
78949
78950
78952
78954
78955
78956
78957
78958
78959
78960
78961
78962
78965
78967
78968
78969
78970
78971
78972
78973
78975
78976
78977
78978
78979
78980
78981
78982
78983
78984
78985
78986
78987
78989
78990
78991
78992
78993
78994
78995
78998
78999
79000
79001
79002
79003
79004
79005
79006
79007
79008
79009
79010
79011
79014
79015
79016
79017
79018
79019
79020
79021
79022
79023
79024
79025
79026
79027
79028
79029
79030
79031
79032
79033
79034
79035
79036
79037
79038
79039
79040
79041
79042
79043
79044
79045
79047
79048
79050
79051
79052
79053
79054
79055
79056
79058
79059
79060
79061
79062
79063
79064
79065
79066
79067
79068
79069
79070
79072
79073
79074
79075
79076
79077
79078
79079
79081
79082
79083
79084
79085
79086
79088
79089
79090
79091
79092
79093
79094
79095
79096
79097
79098
79099
79100
79101
79102
79103
79104
79105
79106
79107
79108
79109
79110
79111
79112
79113
79115
79116
79118
79119
79120
79121
79122
79123
79124
79125
79126
79127
79128
79129
79130
79131
79132
79133
79134
79135
79136
79137
79138
79139
79140
79141
79142
79143
79144
79145
79146
79148
79149
79150
79151
79152
79153
79154
79155
79156
79157
79158
79159
79160
79161
79162
79164
79166
79168
79169
79170
79171
79172
79174
79176
79177
79178
79179
79180
79181
79182
79183
79185
79186
79187
79188
79189
79190
79191
79192
79193
79194
79195
79196
79199
79200
79201
79202
79203
79204
79205
79206
79207
79208
79209
79210
79211
79212
79213
79214
79215
79216
79217
79218
79219
79220
79221
79224
79226
79227
79228
79229
79230
79232
79233
79234
79235
79236
79237
79238
79239
79240
79241
79242
79243
79244
79245
79246
79248
79249
79250
79251
79252
79253
79254
79255
79256
79258
79260
79261
79263
79264
79265
79266
79267
79268
79269
79270
79272
79273
79274
79275
79276
79277
79278
79279
79280
79281
79282
79283
79284
79286
79287
79288
79289
79291
79292
79293
79294
79295
79297
79298
79299
79300
79302
79303
79304
79306
79307
79308
79309
79310
79311
79312
79313
79314
79315
79316
79317
79318
79319
79320
79321
79322
79323
79324
79326
79327
79328
79329
79330
79331
79332
79333
79334
79335
79336
79338
79339
79340
79341
79342
79343
79344
79345
79347
79348
79349
79350
79351
79352
79353
79354
79355
79356
79357
79358
79359
79360
79361
79363
79364
79365
79366
79367
79368
79370
79371
79373
79375
79376
79377
79378
79379
79381
79383
79384
79385
79386
79387
79388
79389
79390
79391
79392
79394
79396
79397
79398
79399
79400
79401
79402
79403
79404
79405
79406
79407
79408
79409
79410
79411
79412
79414
79416
79417
79418
79419
79421
79422
79423
79424
79425
79426
79427
79428
79429
79430
79431
79433
79434
79435
79436
79437
79438
79439
79440
79441
79444
79445
79446
79447
79448
79449
79450
79451
79452
79453
79454
79455
79456
79457
79458
79459
79461
79462
79464
79465
79466
79467
79468
79469
79470
79471
79472
79473
79474
79475
79476
79477
79478
79479
79481
79482
79483
79484
79485
79486
79487
79489
79490
79492
79493
79494
79495
79496
79497
79499
79500
79501
79502
79503
79504
79505
79506
79507
79508
79509
79510
79511
79512
79513
79514
79515
79516
79517
79518
79519
79520
79521
79522
79523
79524
79525
79528
79529
79531
79532
79533
79534
79535
79537
79538
79540
79541
79542
79543
79545
79546
79547
79548
79549
79550
79552
79554
79555
79556
79557
79558
79559
79560
79561
79562
79563
79564
79566
79567
79569
79570
79571
79572
79573
79574
79575
79577
79578
79579
79580
79581
79582
79583
79584
79585
79586
79587
79588
79589
79590
79591
79592
79593
79594
79595
79596
79597
79598
79599
79600
79601
79602
79603
79604
79605
79606
79607
79608
79610
79611
79612
79613
79614
79615
79616
79617
79618
79620
79621
79622
79623
79624
79625
79626
79627
79628
79629
79630
79631
79632
79633
79634
79636
79637
79638
79640
79641
79642
79643
79644
79645
79646
79647
79649
79650
79652
79653
79655
79656
79658
79659
79660
79661
79662
79663
79665
79666
79667
79668
79669
79671
79672
79673
79675
79676
79677
79678
79679
79680
79682
79683
79684
79685
79686
79687
79688
79689
79690
79691
79692
79693
79694
79695
79696
79697
79699
79700
79702
79703
79704
79705
79707
79708
79709
79710
79711
79712
79713
79715
79716
79717
79718
79719
79720
79721
79722
79723
79724
79725
79726
79727
79728
79729
79730
79731
79735
79736
79737
79738
79739
79740
79742
79743
79744
79745
79746
79747
79748
79749
79750
79751
79752
79753
79754
79755
79756
79757
79758
79759
79760
79761
79762
79763
79764
79765
79766
79767
79768
79769
79772
79773
79775
79776
79777
79778
79779
79780
79781
79782
79783
79784
79785
79786
79787
79788
79789
79790
79791
79792
79793
79794
79795
79796
79797
79798
79799
79801
79802
79803
79804
79805
79806
79807
79809
79810
79811
79812
79813
79814
79815
79816
79817
79818
79819
79820
79821
79822
79824
79825
79826
79827
79828
79829
79830
79831
79832
79833
79834
79836
79837
79838
79839
79840
79841
79842
79843
79844
79845
79846
79847
79848
79849
79850
79851
79852
79853
79854
79855
79856
79857
79858
79859
79860
79861
79862
79863
79864
79865
79866
79867
79868
79869
79870
79871
79872
79873
79874
79876
79877
79878
79879
79880
79881
79882
79883
79884
79885
79886
79887
79888
79889
79890
79891
79892
79893
79894
79895
79896
79897
79899
79900
79901
79902
79904
79905
79906
79908
79909
79910
79911
79912
79913
79914
79915
79916
79917
79918
79919
79920
79921
79922
79923
79924
79925
79926
79927
79928
79930
79931
79933
79934
79935
79936
79937
79938
79939
79940
79941
79942
79943
79944
79945
79946
79947
79949
79950
79952
79953
79954
79955
79956
79958
79959
79960
79961
79962
79963
79965
79966
79967
79968
79969
79971
79972
79973
79974
79976
79977
79978
79979
79981
79982
79983
79984
79985
79986
79987
79988
79989
79990
79992
79993
79994
79995
79997
79998
79999
80003
80006
80007
80013
80016
80017
80261
80262
80263
80264
80265
80266
80267
80268
80269
80270
80271
80272
80273
80274
80275
80278
80279
80280
80282
80283
80284
80285
80286
80287
80289
80290
80291
80292
80293
80295
80296
80297
80298
80299
80301
80302
80303
80305
80306
80307
80308
80309
80311
80312
80313
80314
80315
80318
80319
80320
80321
80322
80323
80324
80325
80327
80328
80329
80332
80346
80349
80918
80928
80931
81442
81443
81444
81447
81461
81462
81465
81466
81483
81495
81496
81500
81506
81514
81566
81567
81568
81569
81570
81571
81572
81573
81574
81575
81577
81578
81580
81591
81592
81593
81594
81601
81602
81603
81609
81610
81611
81612
81633
81634
81637
81657
81658
81662
81663
81664
81665
81666
81667
81671
81672
81673
81709
81732
81790
81791
81792
81814
81815
81816
81825
81826
81829
81830
81831
81834
81839
81840
81841
81842
81846
81847
81848
81862
81863
81875
81876
81877
81878
81879
81880
81881
81882
81883
81884
81889
81890
81891
81893
81894
81896
81900
81914
81916
81918
81919
81920
81922
81955
81959
82024
82025
82057
82070
82072
82094
82095
82096
82097
82099
82100
82101
82102
82136
82142
82143
82154
82155
82190
82197
82198
82199
82200
82203
82204
82205
82208
82209
82211
82260
82265
82271
82272
82312
82323
82324
82330
82356
82357
82401
82402
82403
82404
82405
82406
82407
82408
82409
82410
82411
82412
82413
82414
82430
82460
82462
82470
82471
82472
82473
82474
82475
82479
82481
82482
82483
82490
82513
82515
82516
82563
82564
82616
82617
82649
82654
82659
82660
82679
82682
82683
82685
82699
82700
82701
82707
82708
82710
82727
82728
82729
82747
82748
82749
82755
82805
82806
82807
82820
82821
82822
82866
82867
82868
82869
82870
82871
82872
82874
82875
82876
82877
82878
82887
82899
82966
82967
82986
82987
82988
82999
83005
83007
83019
83021
83022
83025
83026
83027
83028
83030
83036
83037
83060
83065
83066
83073
83117
83155
83159
83162
83163
83166
83167
83185
83191
83199
83200
83201
83202
83203
83224
83230
83232
83233
83248
83249
83250
83251
83252
83254
83258
83263
83264
83265
83269
83274
83275
83331
83339
83358
83385
83388
83389
83427
83428
83433
83434
83436
83437
83446
83462
83463
83464
83465
83466
83471
83485
83487
83494
83504
83509
83510
83512
83513
83515
83516
83517
83518
83520
83521
83522
83554
83558
83563
83606
83607
83617
83618
83624
83642
83669
83688
83691
83696
83697
83699
83733
83763
84025
84050
84074
84092
84121
84141
84170
84255
84315
84331
84344
84345
84346
84347
84348
84349
84350
84351
84354
84356
84357
84358
84359
84360
84361
84363
84365
84366
84367
84368
84369
84370
84371
84372
84373
84374
84375
84377
84379
84380
84381
84382
84383
84384
84385
84386
84387
84388
84389
84390
84391
84392
84393
84394
84395
84396
84399
84400
84401
84403
84404
84405
84407
84408
84409
84410
84411
84412
84414
84415
84417
84418
84419
84420
84422
84424
84425
84426
84429
84430
84431
84432
84434
84436
84437
84438
84439
84441
84442
84443
84444
84445
84446
84447
84448
84451
84452
84453
84455
84456
84457
84458
84461
84462
84465
84466
84469
84470
84474
84475
84476
84478
84479
84480
84481
84482
84483
84485
84489
84490
84491
84492
84494
84496
84497
84498
84499
84500
84502
84503
84508
84510
84511
84512
84513
84514
84516
84517
84518
84519
84520
84521
84522
84524
84525
84528
84529
84531
84534
84535
84536
84537
84538
84539
84543
84544
84547
84548
84550
84551
84552
84553
84554
84555
84556
84561
84562
84564
84565
84566
84567
84569
84570
84574
84575
84576
84577
84578
84579
84581
84582
84583
84585
84589
84591
84592
84593
84594
84595
84596
84600
84602
84603
84604
84609
84610
84611
84612
84614
84615
84616
84617
84618
84619
84620
84625
84626
84627
84629
84630
84631
84633
84634
84636
84639
84640
84641
84643
84645
84646
84648
84649
84650
84651
84653
84654
84656
84657
84658
84660
84661
84662
84664
84666
84667
84668
84669
84671
84672
84673
84674
84675
84677
84678
84679
84680
84682
84684
84686
84688
84689
84690
84691
84692
84695
84696
84697
84698
84699
84702
84704
84705
84706
84709
84710
84711
84712
84713
84714
84716
84718
84719
84721
84722
84723
84725
84726
84727
84728
84729
84731
84733
84734
84735
84736
84738
84741
84742
84744
84745
84747
84749
84750
84751
84752
84753
84754
84755
84756
84759
84760
84762
84763
84764
84766
84767
84768
84769
84770
84771
84772
84774
84775
84776
84778
84781
84782
84783
84784
84785
84786
84787
84788
84789
84790
84792
84793
84795
84799
84801
84802
84803
84804
84805
84806
84807
84808
84809
84811
84812
84814
84816
84817
84818
84820
84821
84822
84824
84826
84831
84832
84833
84834
84835
84837
84838
84839
84841
84844
84845
84846
84848
84849
84850
84854
84856
84860
84862
84868
84874
84908
84912
84919
84922
84927
84929
84930
84933
84942
84943
84946
84949
84962
84963
84966
84967
84974
84977
84982
84984
84992
84993
85002
85005
85019
85020
85027
85045
85046
85047
85051
85052
85055
85060
85063
85069
85070
85076
85078
85079
85084
85086
85096
85103
85104
85105
85107
85108
85109
85110
85111
85112
85113
85114
85115
85118
85119
85120
85121
85122
85124
85125
85126
85127
85128
85130
85131
85132
85134
85136
85137
85139
85140
85141
85144
85146
85148
85149
85150
85151
85152
85154
85155
85156
85157
85158
85160
85161
85163
85164
85165
85167
85168
85169
85172
85175
85176
85178
85179
85182
85185
85186
85187
85191
85192
85194
85195
85196
85197
85198
85199
85202
85203
85206
85208
85210
85212
85213
85214
85215
85216
85217
85218
85220
85221
85223
85226
85227
85229
85230
85231
85234
85235
85236
85237
85239
85241
85242
85244
85245
85246
85250
85251
85253
85254
85255
85256
85257
85260
85262
85264
85265
85266
85267
85268
85269
85270
85271
85272
85273
85275
85276
85277
85279
85280
85281
85282
85283
85284
85286
85287
85288
85289
85292
85293
85295
85297
85298
85300
85302
85303
85305
85306
85307
85308
85309
85310
85311
85313
85315
85318
85319
85321
85323
85324
85328
85329
85330
85331
85332
85333
85334
85335
85337
85338
85339
85340
85342
85345
85350
85352
85353
85354
85355
85356
85357
85359
85361
85362
85363
85365
85366
85367
85368
85369
85370
85371
85372
85373
85374
85375
85377
85379
85380
85381
85393
85424
85426
85433
85437
85438
85443
85445
85447
85449
85450
85453
85456
85459
85460
85463
85464
85467
85471
85472
85473
85475
85476
85478
85481
85482
85483
85484
85485
85487
85488
85489
85494
85495
85497
85498
85499
85500
85501
85506
85507
85509
85510
85512
85514
85515
85516
85517
85518
85520
85521
85522
85523
85525
85527
85528
85530
85531
85533
85534
85536
85537
85586
85589
85590
85591
85592
85595
85599
85601
85604
85608
85609
85610
85614
85615
85616
85617
85618
85619
85620
85621
85623
85624
85625
85626
85627
85633
85634
85635
85636
85637
85638
85639
85640
85643
85645
85654
85655
85656
85657
85658
85659
85660
85661
85662
85663
85665
85669
85672
85833
85835
85940
85995
85999
86003
86004
86006
86007
86009
86010
86011
86012
86013
86014
86015
86017
86018
86019
86021
86022
86023
86025
86026
86027
86030
86031
86032
86033
86034
86036
86038
86039
86042
86043
86046
86047
86048
86049
86050
86051
86052
86062
86063
86064
86065
86066
86067
86069
86070
86071
86075
86077
86079
86080
86081
86082
86083
86084
86085
86087
86088
86090
86091
86092
86093
86094
86095
86098
86099
86105
95326
95327
95328
95329
95338
95343
95344
95345
95346
95347
95348
95349
95351
95355
95401
95413
95463
95467
95469
95474
95475
95476
95477
95478
95479
95480
95484
95488
95489
95491
95492
95493
95494
95496
95498
95499
95501
95503
95505
95507
95508
95509
95512
95514
95527
95551
95552
95556
95558
95559
95560
95563
95564
95567
95568
95569
95570
95571
95572
95573
95574
95576
95577
95578
95579
95580
95581
95582
95587
95588
95589
95593
95594
95596
95597
95598
95599
95600
95601
95602
95603
95604
95605
95606
95607
95608
95609
95610
95611
95612
95613
95614
95615
95616
95623
95660
95663
95664
95665
95669
95671
95672
95673
95681
95685
95688
95689
95732
95848
95849
95850
95851
95852
95853
95854
95855
95856
95857
95858
95859
95860
95861
95862
95863
95864
95865
95866
95867
95868
95869
95870
95871
95872
95873
95874
95875
95876
95877
95878
95879
95940
95941
95942
95943
95944
95945
95946
95947
95948
95949
95950
95951
95952
95953
95954
95955
95956
95957
95958
95959
95960
95961
95962
95963
95964
95965
95966
95967
95968
95969
95970
95971
95972
95973
95974
95975
95976
95977
95978
95979
95980
95981
95982
95983
95984
95985
95986
95987
95988
95989
95990
95991
95992
95993
95994
95995
95996
95997
95998
95999
96000
96001
96002
96003
96004
96005
96006
96007
96008
96009
96010
96011
96012
96013
96014
96015
96016
96017
96018
96019
96020
96021
96022
96023
96024
96025
96026
96027
96028
96029
96030
96031
96032
96033
96034
96035
96036
96037
96038
96039
96040
96041
96042
96043
96044
96045
96046
96047
96048
96049
96050
96051
96052
96053
96054
96055
96056
96057
96058
96059
96060
96061
96062
96063
96064
96065
96066
96067
96068
96069
96070
96071
96072
96073
96074
96075
96076
96077
96078
96079
96080
96081
96082
96083
96084
96085
96086
96087
96088
96089
96090
96091
96092
96093
96094
96095
96096
96097
96098
96099
96100
96101
96102
96103
96104
96105
96106
96107
96108
96109
96110
96111
96112
96113
96114
96115
96116
96117
96118
96120
96121
96122
96123
96124
96125
96126
96127
96128
96129
96130
96131
96132
96133
96134
96135
96136
96137
96138
96139
96140
96141
96142
96143
96144
96145
96146
96147
96148
96149
96150
96151
96152
96153
96154
96155
96156
96157
96158
96159
96160
96161
96162
96163
96164
96165
96166
96167
96168
96169
96170
96171
96172
96173
96174
96175
96176
96177
96178
96179
96180
96181
96182
96183
96184
96185
96186
96187
96188
96189
96190
96191
96192
96193
96194
96195
96196
96197
96198
96199
96200
96201
96202
96203
96204
96205
96206
96207
96208
96209
96210
96211
96212
96213
96214
96215
96216
96217
96218
96219
96220
96221
96222
96223
96224
96225
96226
96227
96228
96229
96230
96231
96232
96233
96234
96235
96236
96237
96238
96239
96240
96241
96242
96243
96244
96245
96246
96247
96248
96249
96250
96320
96321
96322
96323
96324
96325
96326
96327
96328
96329
96330
96331
96332
96333
96334
96335
96336
96337
96338
96339
96340
96341
96342
96343
96344
96345
96346
96347
96348
96373
96374
96375
96376
96377
96378
96379
96380
96381
96382
96383
96384
96385
96386
96387
96388
96389
96390
96391
96392
96393
96394
96395
96396
96397
96398
96399
96424
96425
96426
96427
96428
96429
96430
96431
96432
96433
96434
96435
96436
96437
96438
96439
96440
96441
96442
96443
96444
96445
96446
96447
96448
96449
96450
96451
96452
96453
96454
96455
96456
96457
96458
96459
96460
96461
96462
96463
96464
96465
96466
96467
96468
96469
96470
96471
96472
96473
96474
96475
96476
96477
96478
96479
96480
96481
96482
96483
96484
96485
96486
96487
96488
96489
96507
96508
96509
96510
96511
96512
96513
96514
96515
96516
96517
96518
96519
96520
96521
96522
96523
96524
96525
96526
96527
96528
96529
96530
96531
96532
96533
96534
96535
96536
96544
96603
96604
96605
96606
96607
96608
96609
96610
96611
96612
96613
96614
96615
96616
96617
96618
96619
96620
96621
96622
96623
96624
96625
96626
96627
96628
96629
96630
96631
96632
96633
96634
96635
96636
96637
96638
96639
96640
96641
96642
96643
96644
96655
96656
96657
96658
96659
96660
96661
96662
96663
96664
96665
96666
96667
96668
96669
96670
96671
96672
96673
96674
96675
96676
96677
96678
96679
96680
96681
96682
96683
96684
96685
96686
96687
96688
96690
96691
96692
96693
96694
96695
96696
96697
96698
96699
96700
96701
96702
96703
96704
96705
96706
96707
96708
96709
96710
96711
96712
96713
96714
96715
96716
96717
96718
96719
96720
96721
96722
96723
96724
96725
96726
96727
96728
96729
96730
96731
96732
96733
96734
96735
96736
96737
96738
96739
96740
96741
96742
96743
96744
96745
96746
96747
96748
96749
96750
96751
96752
96753
96754
96755
96756
96757
96758
96759
96760
96761
96762
96763
96764
96765
96766
96767
96768
96769
96770
96806
96807
96808
96809
96810
96811
96812
96813
96814
96815
96816
96817
96818
96819
96820
96821
96822
96823
96824
96825
96826
96827
96828
96829
96830
96831
96832
96833
96834
96835
96836
96837
96838
96839
96956
96957
96958
96959
96960
96961
96962
96963
96964
96965
96966
96967
96968
96969
96970
96971
96972
96973
96974
96975
96976
96977
96978
96979
96980
96981
96983
96984
96985
96986
96987
96988
96989
96990
96991
96992
96993
96994
96995
96996
96997
96998
96999
97000
97001
97002
97003
97004
97005
97006
97007
97008
97009
97010
97011
97012
97013
97014
97015
97016
97017
97018
97019
97020
97021
97022
97023
97024
97025
97026
97027
97028
97029
97030
97031
97032
97033
97034
97035
97036
97037
97038
97039
97040
97041
97042
97043
97044
97045
97046
97047
97048
97049
97050
97051
97052
97053
97054
97055
97056
97057
97058
97059
97060
97061
97062
97063
97064
97065
97066
97067
97068
97069
97070
97071
97072
97073
97074
97075
97076
97077
97078
97079
97080
97081
97109
97110
97111
97112
97113
97114
97115
97116
97117
97118
97119
97120
97121
97122
97123
97124
97125
97126
97127
97128
97129
97130
97131
97132
97133
97134
97135
97136
97137
97138
97139
97140
97141
97142
97143
97144
97213
97214
97215
97217
97242
97243
97244
97245
97246
97247
97248
97250
97251
97252
97253
97254
97256
97283
97284
97290
97292
97293
97298
97299
97302
97304
97314
97317
97332
97334
97339
97341
97342
97343
97345
97346
97348
97352
97353
97358
97359
97366
97367
97384
97396
97404
97405
97406
97407
97430
97431
97432
97433
97434
97435
97438
97439
97440
97443
97444
97445
97447
97448
97449
97450
97452
97453
97455
97457
97458
97462
97463
97464
97465
97467
97468
97474
97481
97490
97494
97495
97496
97497
97498
97500
97501
97508
97509
97511
97521
97526
97527
97528
97530
97531
97540
97548
97549
97553
97554
97563
97565
97575
97576
97578
97579
97580
97582
97583
97585
97591
97596
97600
97601
97607
97616
97617
97624
97625
97630
97636
97637
97640
97641
97642
97695
97696
97697
97698
97700
97701
97702
97704
97706
97707
97708
97709
97710
97711
97712
97713
97714
97715
97716
97717
97718
97719
97720
97721
97722
97723
97724
97725
97726
97727
97728
97729
97730
97731
97732
97733
97734
97735
97743
97746
97747
97749
97750
97751
97752
97762
97765
97768
97769
97771
97772
97775
97777
97778
97784
97786
97863
97865
97867
97870
97873
97880
97882
97883
97884
97885
97886
97887
97888
97889
97892
97895
97898
97900
97902
97903
97905
97909
97915
97920
97923
97927
97929
97932
97935
97936
97937
97939
97941
97943
97949
97950
97955
97956
97957
97958
97960
97961
97963
97965
97966
97967
97968
97969
97970
97972
97973
97974
97976
97986
97987
97988
97989
97994
98001
98011
98013
98096
98109
98112
98115
98116
98117
98118
98121
98122
98124
98125
98126
98128
98130
98137
98139
98142
98144
98146
98147
98148
98149
98150
98212
98263
98265
98266
98267
98269
98270
98271
98272
98273
98275
98277
98278
98280
98281
98283
98284
98287
98290
98291
98293
98296
98297
98298
98299
98332
98333
98342
98344
98345
98347
98348
98350
98351
98358
98360
98361
98362
98366
98367
98370
98381
98390
98392
98393
98394
98396
98397
98398
98407
98408
98409
98410
98419
98420
98421
98422
98423
98425
98442
98443
98454
98459
98460
98462
98481
98482
98483
98485
98486
98487
98488
98491
98493
98496
98497
98498
98499
98500
98501
98502
98503
98504
98505
98506
98507
98515
98516
98517
98518
98533
98534
98535
98536
98537
98538
98539
98542
98543
98545
98546
98547
98550
98551
98552
98553
98554
98555
98557
98558
98559
98560
98562
102621
102624
102626
102627
102629
102638
102646
102647
102649
102650
102656
102657
102658
102661
102662
102663
102664
102665
102666
102667
102673
102674
102675
102678
102679
102680
102701
102702
102703
102711
102718
102719
102720
102721
102869
102897
102908
103182
103187
103191
103193
103196
103207
103208
103216
103217
103218
103220
103289
103291
103294
103296
103297
103299
103300
103301
103302
103304
103305
103306
103307
103308
103310
103312
103314
103315
103316
103317
103318
103329
103330
103333
103334
103335
103336
103338
103339
103340
103341
103342
103343
103344
103345
103349
103350
103351
103353
103354
103355
103356
103357
103358
103359
103360
103361
103362
103365
103367
103370
103372
103373
103375
103538
103539
103541
103542
103543
103545
103546
103549
103550
103551
103552
103553
103555
103557
103558
103559
103560
103561
103562
103563
103566
103567
103570
103571
103572
103573
103575
103577
103578
103579
103580
103581
103582
103583
103585
103586
103590
103591
103592
103597
103598
103599
103600
103601
103602
103603
103604
103605
103609
103610
103615
103618
103620
103622
103623
103628
103633
103634
103636
103637
103639
103640
103641
103643
103644
103646
103647
103648
103649
103650
103651
103652
103653
103654
103655
103656
103658
103659
103660
103661
103662
103663
103664
103665
103666
103667
103668
103669
103670
103671
103672
103673
103674
103675
103676
103677
103678
103679
103680
103681
103682
103683
103684
103685
103686
103687
103688
103689
103690
103691
103692
103693
103694
103695
103696
103697
103698
103699
103700
103701
103702
103703
103704
103705
103706
103707
103708
103709
103710
103712
103713
103714
103715
103716
103717
103718
103719
103720
103721
103722
103723
103724
103725
103726
103727
103728
103731
103749
103762
103764
103769
103770
103772
103774
103775
103776
103780
103782
103783
103784
103785
103786
103788
103789
103790
103791
103793
103840
103846
103847
103853
103855
103859
103865
103866
103871
103923
103925
103926
103927
104166
104171
104175
104176
104179
104180
104183
104184
104187
104208
104210
104211
104212
104213
104222
104223
104224
104225
104226
104227
104228
104229
104230
104270
104271
104273
104274
104275
104276
104277
104278
104280
104281
104282
104283
104285
104286
104287
104288
104290
104292
104294
104295
104296
104297
104298
104299
104300
104301
104302
104303
104304
104305
104306
104307
104308
104309
104310
104311
104312
104313
104314
104315
104316
104317
104318
104319
104320
104321
104322
104323
104324
104325
104326
104327
104328
104329
104330
104331
104332
104333
104334
104335
104336
104337
104338
104339
104340
104342
104343
104344
104345
104346
104348
104349
104358
104360
104361
104363
104364
104368
104371
104376
104377
104378
104379
104380
104381
104382
104385
104386
104387
104388
104389
104390
104391
104392
104394
104395
104396
104397
104398
104399
104414
104421
104422
104426
104427
104491
104492
104494
104495
104498
104505
104506
104540
104602
104603
104605
104614
104615
104617
104618
104619
104621
104625
104626
104628
104629
104630
104632
104633
104634
104637
104638
104639
104640
104641
104642
104644
104649
104652
104655
104656
104658
104659
104660
104661
104663
104664
104665
104666
104668
104669
104670
104672
104673
104675
104677
104678
104679
104680
104681
104682
104683
104684
104685
104686
104687
104688
104689
104690
104691
104695
104696
104698
104700
104704
104705
104785
104787
104789
104794
104795
104796
104803
104807
104813
104815
104816
104817
104820
104823
104824
104826
104828
104830
104831
104835
104836
104837
104839
104841
104842
104844
104853
104854
104855
104856
104866
104870
104871
104872
104875
104882
104889
104890
104891
104896
104898
104900
104901
104902
104903
104904
104907
104909
104911
104912
104914
104915
104918
104919
104923
104926
104929
104932
104934
104935
104939
104942
104944
104947
104948
104949
104951
104953
104956
104957
104974
104977
104978
104979
104980
104981
104985
104986
104987
104988
105002
105105
105110
105114
105115
105118
105119
105120
105123
105128
105233
105235
105238
105240
105242
105243
105244
105246
105260
105316
105317
105318
105319
105320
105321
105324
105325
105326
105327
105328
105329
105358
105359
105411
105535
105536
105537
105538
105539
105540
105541
105542
105543
105562
106002
106004
106011
106026
