675
696
699
714
1111
1124
1125
1126
1127
1128
1129
1130
1131
2543
6318
6760
7986
7989
8004
8006
8647
8649
8651
8654
8658
8674
8675
8676
8677
8678
8679
8680
8683
8687
12974
13795
13802
13933
13934
13935
13936
13937
13938
13939
13940
13941
13942
13943
13945
13946
13947
13948
13949
13950
13951
13952
13953
13954
13955
13956
13957
13958
13959
13960
13961
13962
13963
13964
13965
13966
13967
13968
13969
13970
13971
13973
13974
13975
13976
13977
13978
13979
13980
13981
13983
13984
13985
13986
13987
13988
13989
13990
13991
13992
13993
13994
13995
13996
13997
13998
13999
14000
14001
14002
14003
14004
14005
14006
14007
14008
14009
14010
14011
14012
14013
14014
14015
14016
14017
14018
14019
14020
14021
14022
14400
14460
14511
14596
14661
14662
14663
14664
14665
14666
14667
14668
14669
14670
14671
14672
14673
14674
14675
15484
15549
15550
15741
15752
15770
15802
15841
15842
15843
15844
15845
15848
15849
15850
15851
15852
15854
15855
15856
15857
15858
15860
15862
15863
15864
15865
15866
15869
15870
15872
15875
15876
15879
15881
15922
15939
15940
15941
15942
15953
15955
16038
16041
16555
16877
16879
16881
16885
16886
16887
16893
16895
16896
16899
16901
16903
16904
16906
16907
16908
16911
16928
16944
16945
16947
16948
16949
16957
16966
16969
17043
17056
17061
17070
17105
17126
17128
17136
17139
17141
17145
17148
17149
17150
17151
17154
17155
17156
17157
17159
17160
17162
17163
17164
17165
17166
17167
17168
17170
17171
17172
17174
17175
17176
17177
17182
17184
17185
17190
17192
17193
17194
17195
17196
17197
17199
17200
17201
17202
17205
17207
17212
17213
17214
17216
17220
17221
17222
17223
17225
17231
17238
17239
17240
17242
17243
17244
17249
17254
17255
17257
17258
17260
17263
17266
17267
17268
17269
17275
17283
17284
17285
17286
17290
17292
17296
17298
17299
17300
17301
17302
17303
17311
17312
17313
17314
17315
17317
17320
17323
17325
17326
17327
17332
17333
17335
17337
17339
17340
17341
17344
17347
17351
17352
17353
17354
17355
17361
17365
17366
17367
17368
17370
17374
17375
17376
17377
17381
17383
17391
17392
17396
17399
17400
17405
17413
17414
17415
17417
17418
17424
17425
17430
17433
17434
17436
17437
17441
17442
17444
17483
17489
17606
17613
17633
17635
17645
17650
17656
17663
17664
17669
17695
17698
17701
17711
17713
17717
17718
17720
17721
17733
17735
17736
17738
17758
17765
17777
17791
17792
17794
17800
17803
17811
17813
17814
17826
17834
17838
17842
17843
17844
17850
17857
17859
17874
17886
17888
17901
17942
17974
17975
17977
17978
17979
18007
18039
18049
18052
18053
18061
18073
18100
18112
18197
18232
18236
18246
18247
18262
18264
18270
18281
18294
18295
18307
18308
18312
18320
18330
18358
18382
18393
18415
18445
18452
18480
18484
18496
18498
18505
18535
18581
18591
18599
18623
18677
18719
18757
18759
18795
18797
18801
18802
18803
18804
18805
18806
18808
18813
18815
18828
18835
18838
18891
18894
18907
18926
18938
18964
19366
19367
19368
19370
19371
19377
19383
19384
19385
19386
19387
19390
19391
19393
19395
19397
19398
19400
19401
19402
19405
19407
19408
19409
19410
19412
19413
19414
19415
19416
19417
19418
19419
19423
19424
19425
19426
19428
19429
19430
19431
19432
19434
19435
19436
19437
19439
19440
19445
19449
19451
19452
19453
19455
19462
19464
19465
19466
19468
19470
19471
19472
19473
19475
19476
19482
19483
19486
19487
19488
19491
19496
19497
19499
19500
19502
19503
19507
19508
19510
19513
19514
19515
19516
19520
19522
19523
19524
19526
19529
19530
19532
19533
19534
19539
19541
19543
19544
19545
19546
19547
19552
19553
19555
19556
19557
19558
19565
19568
19569
19570
19571
19573
19575
19576
19577
19578
19580
19581
19582
19586
19588
19590
19591
19593
19594
19596
19597
19599
19601
19604
19605
19607
19608
19609
19610
19611
19612
19613
19614
19615
19616
19620
19623
19625
19627
19631
19632
19633
19634
19635
19636
19637
19638
19639
19642
19643
19644
19648
19651
19652
19653
19654
19807
19811
19812
19815
19821
19865
19870
19899
19934
19999
20021
20053
20060
20088
20103
20126
20148
20178
20180
20181
20183
20184
20185
20187
20188
20189
20190
20191
20192
20196
20197
20198
20199
20200
20201
20202
20205
20206
20207
20210
20211
20213
20220
20228
20231
20232
20233
20237
20238
20239
20240
20244
20245
20247
20250
20251
20252
20253
20261
20262
20269
20274
20277
20279
20285
20294
20297
20314
20315
20320
20329
20330
20333
20335
20336
20337
20338
20340
20344
20345
20348
20356
20440
20489
20495
20500
20511
20513
20517
20521
20529
20533
20535
20540
20548
20549
20555
20556
20558
20560
20564
20570
20571
20581
20616
20617
20619
20620
20624
20636
20638
20640
20641
20645
20648
20653
20655
20659
20660
20681
20693
20697
20705
20707
20708
20714
20715
20718
20722
20730
20731
20732
20733
20742
20745
20750
20751
20755
20756
20757
20760
20768
20771
20772
20773
20774
20778
20779
20783
20785
20789
20798
20802
20811
20813
20814
20817
20821
20822
20824
20827
20828
20830
20833
20834
20836
20842
20843
20847
20856
20858
20860
20861
20863
20864
20868
20871
20872
20873
20877
20880
20884
20886
20887
20889
20893
20895
20898
20900
20901
20903
20905
20906
20913
20915
20920
20922
20923
20924
20928
20930
20936
20937
20941
20944
20945
20953
20955
20958
20962
20964
20965
20967
20968
20972
20974
20976
20977
20983
20985
20986
20987
20990
20997
21000
21001
21002
21003
21006
21012
21013
21015
21018
21019
21021
21029
21033
21035
21036
21039
21040
21043
21044
21045
21049
21051
21052
21054
21055
21056
21063
21065
21066
21067
21068
21069
21072
21074
21081
21082
21086
21087
21088
21089
21094
21095
21096
21104
21107
21108
21110
21112
21114
21117
21118
21119
21124
21125
21128
21129
21130
21131
21133
21134
21135
21136
21137
21139
21141
21142
21143
21144
21147
21148
21150
21155
21156
21157
21158
21159
21160
21161
21162
21164
21170
21172
21173
21174
21175
21176
21177
21178
21181
21182
21183
21184
21188
21200
21201
21203
21209
21210
21212
21217
21219
21220
21221
21224
21226
21228
21234
21238
21242
21246
21249
21253
21254
21255
21257
21261
21265
21266
21268
21270
21276
21277
21278
21283
21284
21290
21291
21298
21299
21302
21303
21304
21309
21312
21313
21318
21319
21336
21354
21356
21358
21362
21371
21388
21400
21401
21412
21419
21425
21427
21434
21438
21439
21441
21442
21445
21449
21450
21456
21457
21464
21470
21473
21475
21483
21485
21492
21494
21496
21502
21513
21514
21516
21528
21530
21534
21536
21552
21555
21556
21557
21558
21563
21564
21586
21588
21604
21612
21617
21618
21620
21624
21629
21633
21634
21642
21644
21647
21649
21662
21663
21668
21676
21695
21703
21705
21714
21732
21733
21734
21735
21737
21738
21747
21749
21751
21753
21779
21824
21826
21916
21918
21926
21928
21933
21934
21941
21952
21966
21970
21971
21973
21977
21982
21984
21985
21989
22001
22003
22024
22083
22084
22085
22086
22087
22088
22089
22091
22092
22093
22094
22096
22097
22098
22099
22100
22101
22102
22103
22104
22105
22107
22108
22110
22111
22112
22113
22119
22120
22124
22125
22128
22131
22134
22136
22138
22141
22147
22149
22150
22152
22155
22161
22162
22165
22166
22175
22176
22179
22189
22190
22193
22200
22201
22203
22214
22224
22225
22226
22227
22229
22231
22235
22238
22248
22249
22250
22268
22269
22270
22274
22275
22283
22289
22298
22300
22302
22313
22314
22315
22329
22335
22338
22344
22348
22349
22350
22352
22354
22355
22357
22360
22361
22362
22365
22367
22368
22373
22378
22379
22386
22387
22388
22391
22398
22399
22408
22412
22418
22423
22424
22445
22470
22477
22479
22481
22482
22485
22488
22493
22496
22497
22498
22517
22554
22555
22556
22562
22567
22569
22574
22577
22581
22584
22587
22589
22590
22595
22599
22600
22601
22605
22611
22616
22617
22620
22621
22624
22631
22632
22634
22635
22641
22649
22654
22656
22657
22660
22662
22663
22698
22701
22703
22720
22726
22728
22737
22740
22752
22753
22756
22763
22765
22767
22769
22770
22771
22772
22773
22778
22779
22784
22795
22797
22849
22852
22853
22854
22857
22858
22863
22864
22865
22866
22868
22869
22870
22871
22872
22874
22875
22877
22878
22880
22881
22883
22887
22891
22894
22895
22896
22897
22899
22900
22901
22933
22934
22948
22950
22953
22972
22978
23001
23003
23026
23044
23067
23084
23113
23121
23228
23229
23269
23342
23384
23421
23442
23483
23515
23564
23569
23572
23576
23591
23634
23637
23665
23669
23673
23677
23682
23709
23727
23745
23750
23752
23753
23755
23767
23772
23779
23782
23796
23802
23810
23813
23816
23828
23838
23871
23878
23881
23885
23910
23914
23920
23924
23926
23927
23930
23957
23962
23994
24002
24026
24037
24043
24044
24051
24053
24071
24077
24078
24102
24107
24118
24139
24141
24162
24178
24179
24180
24181
24182
24259
24286
24299
24359
24426
24438
24442
24522
24535
24539
24543
24552
24613
24617
24640
24643
24651
24680
24691
24795
24819
24820
24825
24858
24859
24863
24876
24894
24909
24920
24922
24961
24991
24996
25003
25011
25014
25023
25026
25056
25057
25063
25079
25082
25084
25085
25088
25139
25213
25293
25295
25296
25300
25304
25307
25311
25318
25323
25325
25327
25331
25333
25335
25337
25340
25341
25342
25347
25348
25352
25353
25359
25366
25367
25368
25378
25382
25388
25389
25390
25394
25397
25402
25407
25409
25413
25423
25424
25428
25429
25430
25433
25435
25446
25448
25453
25457
25458
25459
25462
25477
25479
25485
25486
25491
25493
25494
25511
25512
25514
25520
25646
25647
25648
25652
25661
25669
25673
25675
25680
25683
25689
25700
25703
25729
25730
25731
25733
25745
25746
25760
25762
25763
25768
25772
25777
25784
25785
25786
25790
25792
25793
25794
25795
25796
25797
25799
25801
25802
25804
25805
25806
25808
25809
25812
25813
25816
25818
25820
25821
25822
25824
25825
25828
25832
25835
25837
25839
25842
25844
25848
25852
25853
25854
25856
25857
25858
25859
25860
25862
25912
25916
25951
25957
25970
25973
25978
25985
25992
25996
25998
26002
26004
26007
26009
26010
26012
26013
26014
26017
26018
26021
26023
26024
26026
26028
26029
26030
26032
26035
26036
26037
26038
26039
26040
26041
26045
26046
26047
26048
26049
26050
26051
26052
26056
26059
26060
26061
26062
26065
26072
26074
26104
26105
26106
26110
26113
26116
26117
26118
26121
26123
26125
26126
26127
26129
26132
26133
26134
26136
26140
26141
26143
26159
26217
26220
26224
26227
26232
26260
26273
26278
26311
26346
26368
26369
26370
26371
26378
26401
26409
26413
26420
26422
26423
26434
26482
26487
26492
26503
26525
26530
26531
26532
26533
26671
26704
26716
26717
26718
26720
26721
26722
26724
26725
26726
26727
26730
26732
26735
26738
26752
26760
26763
26772
26775
26776
26777
26793
26800
26808
26865
26868
26869
27111
27133
27170
27174
27175
27180
27181
27184
27185
27186
27187
27188
27190
27191
27194
27197
27198
27199
27200
27203
27205
27212
27226
27554
27555
27567
27570
27587
27591
27600
27643
27646
27747
27764
27766
27768
27775
27778
27781
27784
27823
27829
27844
27851
27891
27933
27934
27937
27945
27999
28002
28006
28007
28012
28019
28031
28040
28041
28056
28057
28062
28067
28070
28081
28086
28088
28096
28106
28111
28115
28117
28119
28143
28188
28243
28245
28283
28284
28287
28291
28301
28312
28328
28331
28332
28333
28337
28339
28368
28371
28380
28387
28396
28416
28417
28430
28432
28439
28475
28476
28517
28518
28519
28520
28521
28522
28523
28528
28533
28536
28541
28548
28550
28551
28552
28579
28592
28601
28605
28616
28622
28624
28662
28677
28684
28692
28695
28704
28714
28718
28719
28731
28733
28756
28778
28861
28956
28958
28994
29067
29069
29087
29098
29110
29124
29174
29175
29177
29202
29342
29351
29375
29377
29395
29456
29457
29607
29615
29638
29640
29641
29670
29691
29694
29695
29696
29714
29720
29721
29724
29750
29756
29767
29776
29780
29781
29783
29798
29802
29803
29804
29806
29828
29836
29949
29970
29976
29985
29986
29987
29988
29995
29999
30001
30004
30005
30013
30014
30015
30027
30030
30033
30037
30038
30045
30046
30051
30052
30059
30062
30066
30080
30082
30090
30096
30097
30100
30101
30104
30105
30106
30107
30109
30111
30113
30114
30115
30116
30120
30121
30122
30123
30124
30127
30128
30129
30132
30133
30134
30138
30139
30143
30144
30145
30153
30154
30155
30156
30157
30162
30163
30164
30167
30180
30199
30201
30204
30208
30212
30213
30220
30221
30224
30229
30230
30231
30232
30233
30235
30238
30242
30246
30248
30267
30277
30278
30279
30334
30335
30348
30352
30354
30378
30425
30428
30437
30443
30465
30466
30467
30469
30482
30483
30484
30485
30487
30489
30490
30491
30516
30553
30559
30582
30598
30599
30709
30728
30729
30760
30773
30774
30775
30778
30787
30789
30807
30891
30993
31064
31069
31070
31073
31075
31080
31084
31096
31151
31156
31165
31166
31176
31184
31193
31202
31206
31211
31217
31241
31254
31261
31340
31343
31346
31347
31351
31359
31360
31363
31364
31367
31383
31389
31390
31392
31394
31398
31399
31403
31405
31407
31410
31419
31428
31429
31431
31432
31433
31458
31459
31460
31475
31478
31479
31481
31484
31487
31489
31491
31493
31495
31496
31497
31498
31507
31508
31511
31512
31514
31525
31526
31538
31539
31540
31541
31542
31544
31546
31547
31553
31562
31586
31587
31588
31606
31610
31612
31614
31616
31617
31628
31634
31684
31687
31692
31693
31722
31770
31778
31779
31780
31787
31794
31795
31796
31797
31798
31799
31809
31813
31825
31827
31830
31931
32252
32254
32293
32296
32297
32298
32307
32314
32315
32319
32322
32327
32332
32344
32352
32354
32355
32356
32358
32359
32360
32375
32378
32379
32380
32381
32382
32383
32385
32387
32389
32390
32391
32396
32399
32404
32406
32408
32410
32414
32415
32422
32426
32427
32436
32439
32455
32465
32475
32485
32496
32497
32498
32500
32506
32530
32531
32532
32533
32535
32541
32554
32555
32558
32559
32563
32566
32567
32569
32570
32571
32573
32574
32575
32576
32577
32593
32604
32626
32635
32659
32676
32683
32696
32699
32714
32715
32735
32759
32760
32761
32771
32776
32782
32785
32786
32789
32790
32791
32793
32794
32798
32799
32801
32802
32804
32809
32832
32836
32837
32845
32846
32848
32853
32854
32855
32856
32857
32858
32859
32860
32861
32862
32863
32864
32865
32866
33047
33051
33054
33071
33072
33073
33077
33078
33080
33084
33086
33093
33107
33108
33125
33138
33140
33144
33147
33168
33179
33184
33190
33197
33199
33201
33207
33213
33217
33218
33220
33225
33233
33242
33245
33256
33258
33259
33261
33267
33268
33278
33292
33297
33299
33300
33304
33305
33308
33313
33316
33319
33322
33323
33342
33352
33356
33361
33366
33367
33368
33369
33370
33372
33374
33376
33377
33378
33379
33381
33384
33385
33386
33390
33393
33400
33402
33426
33427
33428
33431
33439
33440
33442
33445
33460
33469
33474
33489
33503
33509
33516
33521
33525
33585
33587
33588
33589
33590
33592
33593
33594
33595
33596
33597
33598
33599
33600
33601
33602
33603
33604
33605
33606
33607
33608
33609
33610
33611
33612
33613
33614
33615
33616
33617
33618
33619
33620
33621
33622
33623
33624
33625
33626
33627
33628
33629
33630
33631
33632
33633
33634
33672
33678
33699
33718
33719
33721
33722
33723
33728
33736
33774
33775
33793
33795
33805
33811
33813
33876
33877
33878
33879
33880
33882
33883
33884
33885
33886
33887
33888
33889
33891
33892
33893
33894
33896
33897
33898
33900
33902
33903
33905
33906
33907
33956
33957
33958
33960
33962
33963
34004
34012
34020
34021
34022
34023
34024
34025
34032
34035
34038
34039
34040
34041
34055
34058
34061
34066
34068
34070
34071
34104
34124
34127
34129
34130
34134
34135
34136
34137
34138
34140
34141
34142
34144
34145
34147
34148
34151
34152
34153
34154
34155
34156
34157
34158
34159
34160
34161
34163
34164
34165
34166
34167
34171
34173
34200
34202
34203
34204
34206
34209
34210
34212
34216
34218
34220
34222
34223
34224
34226
34230
34231
34232
34233
34235
34236
34240
34242
34243
34247
34248
34249
34252
34280
34282
34283
34320
34321
34322
34323
34324
34344
34345
34352
34353
34354
34355
34356
34357
34369
34385
34387
34388
34389
34390
34391
34395
34396
34397
34398
34401
34402
34404
34405
34406
34408
34409
34410
34411
34434
34439
34441
34449
34452
34454
34458
34460
34461
34463
34551
34578
34581
34582
34583
34587
34617
34693
34755
34777
34781
34790
34791
34793
34795
34797
34799
34802
34811
34812
34822
34824
34826
34827
34829
34831
34841
34842
34844
34849
34851
34857
34858
34862
34864
34866
34867
34868
34871
34873
34874
34875
34877
34883
34884
34887
34889
34891
34892
34893
34895
34900
34901
34906
34920
34923
34938
34955
34956
34958
34969
34970
34971
34972
34973
34974
34988
34991
35004
35019
35020
35036
35038
35059
35063
35069
35070
35076
35082
35086
35090
35091
35098
35099
35105
35106
35117
35118
35130
35140
35144
35150
35192
35195
35201
35249
35251
35264
35265
35266
35268
35269
35272
35329
35385
35447
35457
35472
35544
35546
35549
35553
35554
35562
35572
35573
35574
35575
35576
35577
35579
35580
35582
35588
35595
35596
35597
35599
35600
35603
35607
35615
35623
35631
35633
35634
35638
35639
35647
35649
35653
35682
35690
35718
35719
35741
35742
35743
35745
35746
35749
35750
35752
35759
35761
35769
35771
35774
35776
35780
35784
35787
35795
35798
35800
35803
35808
35811
35814
35815
35822
35846
35850
35870
35872
35879
35882
35889
35890
35893
35898
35900
35922
35923
35924
35925
35926
35927
35928
35929
35935
35953
35954
35956
36014
36015
36017
36023
36025
36026
36027
36028
36029
36030
36031
36032
36033
36034
36035
36036
36037
36038
36040
36042
36045
36052
36060
36094
36097
36109
36171
36172
36173
36243
36246
36260
36348
36349
36362
36363
36364
36372
36374
36375
36377
36380
36381
36383
36385
36389
36390
36391
36392
36393
36394
36395
36396
36397
36398
36399
36400
36401
36402
36403
36405
36407
36408
36410
36411
36413
36415
36416
36418
36472
36476
36477
36479
36480
36482
36483
36485
36486
36488
36489
36490
36493
36494
36495
36501
36502
36503
36504
36505
36506
36509
36512
36515
36554
36566
36691
36787
36913
36917
36921
36922
36926
36962
36963
36966
36968
36969
36970
36999
37000
37005
37006
37007
37008
37017
37018
37019
37020
37021
37022
37031
37032
37035
37036
37038
37039
37084
37093
37094
37109
37126
37134
37141
37147
37148
37151
37167
37187
37188
37285
37306
37307
37312
37315
37321
37327
37330
37333
37338
37339
37343
37344
37346
37348
37350
37353
37354
37357
37358
37362
37364
37383
37388
37393
37405
37412
37414
37441
37448
37472
37486
37518
37546
37548
37552
37557
37559
37563
37570
37571
37572
37574
37575
37581
37584
37585
37586
37587
37589
37591
37592
37601
37602
37605
37609
37610
37611
37614
37618
37619
37620
37624
37631
37633
37641
37645
37651
37652
37653
37655
37656
37657
37671
37789
37790
37839
37847
37861
37959
37968
37969
37973
37978
37981
38024
38046
38092
38093
38095
38097
38100
38113
38116
38118
38122
38125
38126
38127
38129
38132
38133
38134
38138
38139
38140
38141
38142
38143
38145
38146
38147
38148
38149
38150
38153
38154
38155
38156
38157
38158
38159
38160
38161
38162
38163
38235
38238
38239
38257
38258
38259
38260
38261
38297
38342
38343
38344
38347
38349
38350
38352
38371
38381
38385
38391
38460
38483
38485
38487
38499
38500
38502
38503
38504
38510
38512
38520
38527
38528
38529
38530
38531
38534
38535
38536
38539
38542
38544
38545
38546
38547
38549
38551
38553
38554
38556
38565
38566
38578
38586
38634
38671
38679
38688
38713
38714
38722
38729
38744
38745
38746
38748
38749
38753
38756
38758
38762
38763
38774
38780
38801
38879
38897
38995
39005
39390
39398
39404
39417
39438
39443
39446
39451
39454
39458
39467
39472
39480
39489
39495
39496
39498
39502
39504
39514
39540
39564
39572
39582
39592
39593
39594
39595
39597
39619
39623
39651
39660
39662
39663
39667
39672
39675
39678
39680
39681
39682
39694
39731
39741
39767
39775
39781
39809
39818
39819
39842
39843
39845
39849
39851
39854
39855
39864
39865
39866
39867
39868
39869
39870
39871
39875
39876
39889
39891
40019
40035
40104
40131
40179
40192
40221
40224
40256
40264
40302
40303
40308
40309
40315
40345
40346
40348
40349
40382
40389
40400
40401
40402
40415
40427
40448
40495
40568
40581
40606
40632
40639
40641
40642
40643
40644
40646
40661
40663
40665
40666
40667
40668
40669
40676
40683
40685
40686
40687
40693
40694
40697
40698
40727
40784
40794
40798
40802
40814
40826
40827
40832
40837
40844
40845
40848
40856
40858
40859
40862
40866
40867
40931
40932
40933
40934
40935
40936
40938
40939
40941
40942
40943
40945
40948
40949
40950
40951
40952
40953
40955
40957
40958
40959
40960
40961
40963
40965
40967
40968
40969
40970
40971
40972
40973
40974
40975
40976
40979
40981
40982
40983
40984
40986
40987
40988
40990
40992
40993
40995
40996
41000
41002
41022
41024
41025
41035
41036
41037
41038
41040
41044
41056
41059
41061
41062
41067
41081
41082
41138
41140
41143
41149
41151
41242
41262
41288
41301
41347
41351
41431
41448
41529
41609
41611
41668
41744
41745
41750
41752
41753
41754
41755
41756
41758
41759
41760
41761
41762
41763
41765
41766
41767
41771
41773
41799
41804
41805
41808
41821
41824
41825
41843
41855
41887
41888
41890
41901
41904
41908
41912
41928
41934
41990
42037
42040
42045
42079
42085
42087
42088
42138
42145
42146
42149
42167
42171
42207
42258
42328
42352
42353
42354
42355
42356
42357
42359
42361
42362
42364
42365
42367
42369
42372
42374
42376
42377
42378
42382
42383
42392
42393
42396
42399
42400
42403
42490
42499
42511
42512
42554
42555
42617
42642
42649
42656
42667
42668
42670
42685
42693
42706
42708
42712
42716
42717
42761
42783
42847
42850
42902
42913
42922
42929
42932
42933
42961
42968
42985
43010
43031
43032
43033
43047
43077
43098
43132
43158
43297
43304
43306
43368
43369
43370
43410
43415
43417
43418
43419
43420
43468
43478
43491
43497
43567
43580
43581
43582
43587
43589
43628
43630
43631
43633
43634
43639
43641
43642
43643
43646
43648
43651
43661
43665
43668
43670
43683
43684
43686
43690
43709
43718
43720
43736
43768
43771
43773
43774
43775
43787
43788
43789
43792
43794
43795
43796
43797
43799
43809
43819
43830
43833
43835
43842
43848
43917
43924
43930
43946
43947
43951
43955
44013
44050
44053
44054
44058
44059
44060
44071
44072
44096
44099
44101
44102
44103
44117
44122
44189
44201
44204
44208
44209
44211
44231
44232
44233
44234
44235
44236
44238
44246
44257
44271
44276
44277
44281
44284
44286
44290
44291
44292
44293
44294
44295
44303
44304
44313
44314
44344
44350
44366
44368
44375
44405
44407
44411
44424
44429
44448
44449
44458
44459
44460
44461
44462
44463
44464
44465
44466
44467
44468
44469
44470
44471
44472
44473
44474
44475
44476
44477
44478
44479
44480
44481
44482
44483
44484
44485
44486
44487
44488
44489
44490
44519
44520
44536
44546
44548
44552
44557
44564
44566
44567
44572
44576
44578
44585
44586
44609
44613
44628
44629
44635
44636
44639
44640
44643
44645
44647
44648
44655
44661
44686
44692
44739
44753
44771
44798
44809
44847
44872
44876
44877
44884
44906
44914
44917
44921
44923
45012
45022
45027
45032
45039
45065
45078
45083
45203
45205
45206
45255
45282
45283
45285
45299
45300
45303
45307
45311
45319
45332
45346
45373
45405
45406
45477
45513
45537
45541
45575
45576
45635
45639
45641
45670
45685
45717
45721
45725
45753
45766
45774
45787
45797
45820
45827
45830
45834
45868
45878
45898
45912
45929
46045
46053
46110
46136
46150
46151
46152
46155
46156
46157
46160
46161
46168
46174
46201
46212
46213
46216
46218
46220
46221
46222
46223
46224
46225
46285
46294
46302
46307
46308
46309
46318
46349
46369
46565
46567
46568
46581
46583
46585
46586
46587
46588
46590
46591
46629
46651
46661
46687
46688
46702
46703
46705
46706
46709
46718
46719
46721
46729
46731
46733
46734
46740
46777
46790
46792
46794
46795
46796
46798
46799
46800
46801
46804
46805
46808
46809
46811
46812
46813
46814
46816
46817
46819
46821
46823
46824
46826
46827
46828
46830
46831
46832
46833
46834
46835
46836
46838
46839
46840
46841
46842
46844
46845
46846
46847
46848
46849
46852
46853
46854
46855
46856
46859
46860
46861
46862
46863
46865
46870
46871
46874
46881
46883
46890
46895
46897
46899
46901
46902
46903
46934
46936
46937
46952
46978
46981
46992
47000
47007
47019
47027
47028
47029
47031
47042
47043
47046
47048
47049
47050
47065
47067
47069
47070
47081
47083
47086
47091
47092
47107
47108
47110
47111
47112
47114
47115
47116
47117
47118
47119
47120
47121
47126
47129
47135
47137
47139
47142
47146
47148
47150
47151
47153
47154
47159
47161
47162
47163
47166
47188
47212
47214
47215
47217
47237
47247
47249
47251
47253
47254
47255
47256
47259
47260
47264
47291
47292
47295
47303
47307
47314
47317
47323
47334
47338
47339
47346
47347
47350
47351
47352
47353
47354
47355
47356
47357
47358
47359
47364
47365
47366
47368
47373
47374
47375
47376
47377
47378
47381
47384
47385
47386
47388
47391
47392
47393
47399
47400
47401
47402
47403
47404
47405
47406
47407
47408
47409
47410
47411
47412
47413
47435
47453
47454
47457
47462
47465
47466
47467
47468
47469
47470
47472
47475
47476
47482
47503
47505
47507
47508
47509
47510
47516
47519
47521
47522
47525
47527
47529
47530
47531
47533
47555
47564
47577
47584
47585
47592
47593
47595
47596
47597
47607
47616
47618
47654
47673
47681
47683
47696
47746
47747
47748
47749
47750
47751
47753
47754
47755
47756
47757
47758
47763
47767
47768
47781
47782
47784
47787
47791
47801
47817
47821
47855
47865
47889
47890
47891
47912
47913
47915
47938
47978
47995
47999
48004
48028
48041
48063
48087
48089
48099
48100
48101
48104
48105
48106
48107
48115
48122
48125
48128
48131
48135
48140
48145
48150
48161
48188
48192
48195
48243
48279
48288
48355
48356
48361
48367
48374
48386
48404
48405
48406
48422
48455
48459
48462
48467
48484
48501
48507
48570
48579
48596
48618
48701
48709
48710
48711
48712
48719
48720
48723
48810
48813
48816
48854
48889
48893
48897
48905
48909
48921
48923
48928
48954
48955
48956
48957
48958
48959
48960
48961
48962
48963
48964
48965
48966
48967
48968
48969
48970
48971
48972
48976
48977
48981
48982
48984
48988
48991
49000
49035
49039
49061
49110
49161
49162
49167
49178
49179
49181
49205
49228
49236
49237
49250
49268
49272
49279
49280
49281
49287
49288
49289
49292
49300
49303
49304
49305
49308
49311
49312
49317
49366
49373
49378
49411
49415
49416
49420
49422
49424
49477
49495
49497
49502
49506
49510
49515
49538
49547
49548
49549
49550
49564
49718
49733
49760
49768
49878
49879
49895
49905
49909
49911
49912
49913
49914
49918
49919
49922
49924
49932
49944
49945
49946
49954
49956
49972
49973
49976
49979
49982
50018
50043
50060
50099
50115
50163
50175
50185
50210
50235
50236
50473
50474
50475
50500
50549
50642
50672
50767
50818
50839
50852
50865
50873
50884
50903
50982
50986
50987
50988
50989
50990
50991
50992
50993
50994
50995
50996
50997
50998
50999
51000
51001
51002
51003
51004
51006
51007
51008
51009
51010
51011
51012
51014
51020
51024
51038
51039
51053
51054
51062
51063
51064
51068
51073
51074
51155
51167
51170
51183
51195
51196
51216
51218
51221
51222
51227
51230
51237
51239
51240
51241
51242
51245
51438
51467
51528
51598
51632
51639
51648
51650
51672
51783
51784
51822
52043
52092
52099
52102
52112
52113
52184
52202
52203
52204
52206
52219
52229
52232
52234
52282
52295
52297
52315
52323
52326
52345
52380
52418
52423
52425
52474
52564
52674
52740
52754
52758
52768
52770
52772
52773
52774
52784
52788
52842
52852
52857
52894
53025
53045
53048
53049
53050
53051
53052
53065
53125
53167
53171
53183
53204
53206
53247
53281
53282
53284
53295
53298
53302
53304
53306
53307
53308
53310
53331
53332
53333
53334
53338
53339
53340
53341
53343
53344
53345
53348
53354
53357
53360
53361
53362
53363
53364
53365
53366
53370
53371
53389
53394
53399
53420
53421
53422
53423
53424
53425
53426
53428
53431
53433
53434
53438
53440
53442
53443
53444
53445
53446
53447
53448
53452
53454
53466
53469
53474
53475
53476
53477
53478
53480
53482
53483
53485
53488
53489
53494
53496
53500
53512
53514
53517
53526
53527
53528
53529
53540
53568
53605
53607
53609
53666
53694
53698
53699
53700
53701
53702
53703
53704
53705
53706
53707
53708
53709
53710
53711
53712
53713
53716
53718
53722
53746
53747
53774
53781
53785
53811
53812
53817
53820
53857
53858
53859
53860
53891
53894
53945
54023
54075
54081
54173
54178
54208
54212
54275
54281
54284
54285
54286
54289
54290
54291
54294
54295
54309
54319
54337
54359
54415
54464
54481
54552
54554
54555
54570
54574
54575
54586
54587
54605
54606
54611
54629
54633
54634
54647
54651
54652
54654
54655
54663
54666
54667
54668
54669
54670
54671
54672
54678
54680
54686
54689
54695
54696
54697
54698
54709
54710
54711
54712
54765
54767
54775
54777
54778
54792
54793
54794
54807
54810
54811
54812
54813
54814
54815
54837
54838
54839
54841
54850
54851
54854
54855
54859
54866
54899
54935
54937
54938
54950
54955
54962
54979
54980
54981
54986
54987
55006
55015
55017
55037
55043
55044
55046
55047
55048
55068
55069
55083
55127
55130
55133
55136
55138
55143
55145
55146
55148
55154
55159
55160
55163
55164
55165
55166
55168
55172
55190
55199
55205
55207
55215
55252
55279
55284
55291
55292
55293
55295
55299
55310
55313
55316
55323
55329
55331
55334
55339
55340
55381
55396
56652
56654
56749
56750
56751
60573
61654
61719
61720
61721
61725
61726
61727
61788
61789
61790
61791
61792
61794
61795
61796
61797
61798
61799
61856
61857
61860
61862
61863
61864
61866
61919
61920
61921
61922
61923
61924
61929
63336
63338
63340
63341
63342
63346
63347
63348
63349
63417
63419
63421
63422
63423
63424
63425
63426
63491
63492
63493
63494
63495
63496
63588
63591
63593
63643
63677
63678
63679
63684
63688
63770
63772
63777
65735
67415
68510
68511
71826
71831
71832
71833
71834
71835
71836
71837
71838
71907
71908
71909
71910
71915
71919
71988
71990
71991
72071
72074
72075
72076
72149
72150
72151
72153
72154
72155
72224
72225
72226
72229
72231
72232
72233
72234
72302
72303
72304
72305
72307
72310
72312
78257
78258
78259
78260
78261
78262
78268
78380
78381
78384
78387
78391
78502
78506
78508
78509
78510
78511
79307
79353
79379
79392
79408
79452
79453
79589
79668
79672
80899
81026
81041
81045
81046
81048
81069
81071
81074
81132
81133
81150
81199
81200
81210
81219
81231
81237
81297
81298
81364
81370
81414
81420
81421
81620
81625
81626
81642
82331
82332
82559
84497
84520
84521
84522
84523
84546
84547
84548
84549
84610
84611
84615
84616
84617
84619
84644
84654
84659
84660
84661
84662
84669
84689
84690
84743
84747
84794
84799
84911
84912
84913
84914
84922
84924
84927
84929
84931
84933
84936
84949
84953
84955
84959
84962
84971
84972
84974
84980
84984
84985
85040
85045
85173
85194
85250
85251
85252
85283
85286
85287
85288
85289
85291
85292
86002
86004
86014
86027
86028
86029
86824
86829
86832
86911
86912
86916
86921
87058
87059
87333
87679
87719
87724
87725
87729
87759
87791
87808
87809
87816
87817
87818
87820
87830
87833
87842
87921
87994
87995
87997
88001
88002
88062
88244
88260
88261
88262
88431
88432
88433
88434
88449
88480
88499
88633
88646
88783
88784
88827
88887
88912
88930
88932
88934
89027
89039
89045
89046
89059
89068
89079
89090
89091
89116
89118
89176
89185
89192
89194
89276
89329
89360
89362
89428
89430
89432
89435
89556
89557
89558
89559
89560
89561
89562
89565
89566
89567
89568
89569
89570
89571
89572
89573
89574
89575
89582
89583
89584
89585
89586
89587
89588
89589
89590
89591
89658
89660
89662
89663
89665
89666
89667
89680
89697
89699
89700
89701
89703
89704
89705
89706
89707
89708
89715
89716
89727
89742
89743
89745
89747
89749
89750
89768
89769
89772
89773
89774
89790
89791
89792
89796
89804
89805
89808
89811
89812
89813
89814
89815
89816
90033
90111
90120
90121
90122
90412
90417
90418
90419
90421
90422
90436
90438
90449
90451
90453
90455
90456
90481
90519
90542
90543
90880
90953
90954
91102
91104
91152
91167
91169
91191
91192
91206
91210
91212
91300
91303
91308
91320
91321
91323
91390
91455
91659
91660
91701
91714
91976
91979
91981
92003
92005
92008
92045
92048
92066
92072
92088
92089
92090
92093
92094
92095
92096
92097
92100
92104
92129
92132
92136
92416
92484
92560
92563
92564
92577
92578
92595
92618
92667
92677
92742
92803
93089
93110
93111
93156
93227
93228
93234
93251
93351
93370
93385
93398
93403
93412
93424
93441
93454
93457
93530
93531
93532
93533
93750
93755
93979
94126
94130
94424
94425
94436
94437
94438
94442
94443
94450
94471
94472
94484
94495
94497
94498
94500
94501
94502
94504
94780
94828
94839
94906
94910
94923
94930
94932
94933
94944
94945
94946
94955
95039
95051
95053
95066
95069
95074
95178
95179
95202
95203
95238
95241
95242
95250
95251
95254
95255
95256
95257
95259
95261
95279
95283
95285
95286
95288
95289
95291
95292
95293
95294
95300
95301
95302
95304
95307
95309
95311
95328
95330
95357
95375
95436
95438
95456
95460
95473
95506
95509
95530
95531
95536
95538
95542
95545
95611
95622
95638
95649
95696
95697
95719
95721
95740
95862
95912
96026
96065
96165
96181
96443
96445
96544
96674
96698
96706
96753
96829
96830
96831
96832
96834
96836
96844
96845
96847
96848
96849
96855
96889
96891
96894
97094
97095
97152
97156
97157
97158
97165
97224
97225
97248
97321
97327
97351
97361
97365
97396
97397
97409
97410
97469
97470
97492
97522
97527
97528
97530
97639
97640
97650
97652
97658
97660
97667
97669
97670
97671
97672
97764
97765
97766
97790
98109
98192
98213
98214
98216
98218
98371
98450
98459
98465
98466
98467
98471
98474
98477
98497
98501
98503
98504
98506
98513
98517
98527
98528
98529
98530
98531
98534
98556
98562
98582
98583
98584
98585
98586
98587
98588
98595
98610
98617
98658
98659
98660
98662
98664
98666
98676
98695
98696
98698
98699
98701
98704
98709
98712
98715
98716
98720
98724
98725
98731
98732
98733
98734
98738
98747
98748
98752
98765
98824
99080
99085
99101
99189
99199
99299
99351
99375
99377
99378
99383
99384
99385
99466
99469
99485
99486
99487
99488
99510
99512
99522
99627
99643
99645
99675
99771
99776
99777
99805
99814
99850
99851
99926
99942
100042
100060
100098
100130
100131
100198
100203
100258
100308
100309
100310
100320
100326
100332
100434
100437
100439
100487
100495
100497
100585
100589
100598
100613
100619
100624
100631
100632
100644
100654
100655
100656
100700
100714
100715
100724
100797
100823
100835
100846
100848
100926
100930
100931
100942
100946
100961
100962
100996
101093
101149
101158
101225
101293
101298
101300
101301
101302
101305
101306
101335
101486
101509
101510
101520
101600
101603
101684
101689
101768
101811
102268
102811
102813
102858
102945
102946
102947
102952
102990
103002
103016
103044
103048
103049
103089
103197
103200
103201
103206
103238
103241
103242
103322
103339
103344
103351
103352
103354
103355
103363
103364
103365
103377
103378
103379
103380
103411
103527
103676
103677
103797
103931
103946
103947
103975
103976
103977
103978
103982
103983
104106
104132
104160
104195
104208
104209
104210
104240
104241
104345
104365
104386
104387
104391
104392
104393
104431
104432
104465
104470
104609
104635
104638
104640
104854
104922
104924
104925
104930
105001
105104
105154
105188
105193
105236
105237
105240
105278
105284
105285
105300
105307
105308
105314
105316
105322
105348
105441
105669
105673
105675
105676
105790
105795
105799
105831
105881
105919
105932
105941
105942
105960
105968
105970
105972
105973
106155
106177
106189
106286
106287
106290
106291
106380
106450
106471
106479
106493
106496
106499
106507
106508
106511
106512
106516
106522
106523
106524
106526
106527
106533
106535
106539
106542
106546
106553
106554
106560
106568
106570
106571
106575
106579
106593
106607
106608
106618
106620
106621
106623
106649
106656
106658
106670
106674
106675
106676
106677
106678
106681
106682
106779
106875
106883
106891
106892
106921
106992
106994
107000
107001
107002
107004
107006
107007
107011
107012
107013
107048
107093
107112
107117
107118
107120
107143
107144
107266
107267
107308
107330
107336
107374
107375
107376
107489
107490
107491
107492
107493
107495
107496
107497
107498
107500
107501
107508
107509
107510
107511
107512
107513
107514
107515
107516
107517
107518
107519
107520
107522
107523
107524
107526
107531
107532
107533
107534
107535
107537
107539
107543
107562
107567
107569
107570
107571
107575
107577
107580
107581
107585
107588
107589
107593
107599
107600
107601
107602
107603
107604
107608
107610
107646
107682
107702
107739
107740
107743
107744
107745
107746
107748
107750
107752
107757
107763
107764
107765
107766
107794
107797
107799
107808
107810
107824
107860
107884
108012
108021
108199
108258
108439
108440
108477
108479
108531
108532
108533
108534
108551
108552
108557
108560
108561
108562
108585
108587
108590
108591
108592
108593
108603
108604
108605
108606
108607
108608
108609
108623
108624
108625
108626
108627
108628
108629
108630
108631
108641
108642
108643
108644
108645
108646
108647
108648
108649
108650
108660
108661
108662
108663
108664
108665
108666
108667
108668
108669
108670
108671
108672
108673
108674
108675
108703
108707
108708
108709
108716
108748
108773
108858
108968
109055
109056
109057
109058
109060
109062
109063
109066
109067
109068
109114
109151
109152
109153
109163
109166
109203
109238
109248
109252
109255
109280
109289
109290
109334
109335
109336
109337
109365
109442
109445
109446
109472
109473
109510
109513
109566
109570
109618
109622
109623
109625
109626
109636
109842
109845
109876
109905
109906
109907
109909
109930
109951
109952
110009
110012
110033
110034
110035
110036
110038
110040
110056
110117
110145
110168
110181
110199
110215
110229
110232
110329
110330
110335
110340
110352
110388
110394
110395
110397
110399
110436
110528
110604
110684
110718
110723
110726
110727
110744
110745
110753
110754
110755
110822
110834
110849
110887
110893
110959
111018
111022
111045
111047
111120
111123
111230
111278
111306
111325
111409
111426
111456
111471
111807
111817
111906
111946
111954
111987
112000
112032
112419
112420
112791
112817
112919
113422
113468
113505
113506
113511
113512
113531
113792
113865
113866
113867
113949
113951
114022
114064
114067
114086
114159
114160
114181
114199
114221
114237
114349
114383
114384
114390
114447
115352
117838
118236
118238
118239
118919
118920
118921
118943
118948
118949
118975
118981
119047
119054
119055
119060
119322
119323
119324
119325
119326
119358
119440
119448
119449
119460
119461
119462
119463
119464
119467
119479
119483
119506
119654
120023
120024
120027
120032
120083
120089
120113
120116
120123
120124
120129
120131
120132
120188
120198
120245
120248
120250
120261
120262
120263
120264
120265
120445
120452
120553
120608
120609
120622
120627
121119
121120
121121
121136
121149
121207
121400
121700
121701
121937
122129
122130
122166
122167
122412
122414
122417
122418
122435
122635
122636
122637
122638
122639
122667
122682
122683
122685
122688
122693
122694
122703
122704
122705
122706
122707
122708
122709
122710
122711
122712
122713
122833
122834
122839
122915
122916
122917
122921
122922
122923
122965
122979
122999
123000
123025
123044
123069
123165
123213
123214
123218
123269
123322
123346
123472
123473
123475
123559
123567
123644
123704
123705
123708
123709
123710
123711
123732
123804
123808
123809
123906
123907
123908
123909
123910
123913
123914
123998
124162
